0 , 593
1 , 593
2 , 594
3 , 594
4 , 594
5 , 594
6 , 594
7 , 593
8 , 594
9 , 593
10 , 594
11 , 594
12 , 593
13 , 593
14 , 593
15 , 593
16 , 593
17 , 594
18 , 594
19 , 594
20 , 593
21 , 594
22 , 594
23 , 594
24 , 594
25 , 594
26 , 594
27 , 594
28 , 594
29 , 595
30 , 595
31 , 595
32 , 595
33 , 595
34 , 595
35 , 595
36 , 595
37 , 595
38 , 594
39 , 595
40 , 595
41 , 595
42 , 595
43 , 595
44 , 595
45 , 595
46 , 595
47 , 595
48 , 595
49 , 595
50 , 595
51 , 595
52 , 595
53 , 595
54 , 595
55 , 595
56 , 595
57 , 595
58 , 595
59 , 595
60 , 595
61 , 595
62 , 596
63 , 596
64 , 596
65 , 596
66 , 596
67 , 596
68 , 596
69 , 596
70 , 596
71 , 597
72 , 596
73 , 597
74 , 597
75 , 596
76 , 597
77 , 597
78 , 597
79 , 597
80 , 597
81 , 597
82 , 597
83 , 597
84 , 597
85 , 597
86 , 597
87 , 597
88 , 597
89 , 597
90 , 597
91 , 597
92 , 597
93 , 597
94 , 597
95 , 597
96 , 597
97 , 597
98 , 597
99 , 597
100 , 597
101 , 598
102 , 598
103 , 597
104 , 597
105 , 598
106 , 597
107 , 597
108 , 597
109 , 598
110 , 598
111 , 598
112 , 598
113 , 598
114 , 598
115 , 598
116 , 598
117 , 598
118 , 598
119 , 598
120 , 598
121 , 598
122 , 598
123 , 598
124 , 598
125 , 598
126 , 598
127 , 598
128 , 598
129 , 598
130 , 598
131 , 598
132 , 598
133 , 598
134 , 598
135 , 598
136 , 598
137 , 598
138 , 598
139 , 598
140 , 598
141 , 598
142 , 598
143 , 598
144 , 598
145 , 599
146 , 599
147 , 599
148 , 599
149 , 598
150 , 598
151 , 598
152 , 599
153 , 598
154 , 598
155 , 598
156 , 598
157 , 598
158 , 598
159 , 599
160 , 598
161 , 598
162 , 598
163 , 598
164 , 599
165 , 598
166 , 598
167 , 598
168 , 598
169 , 598
170 , 598
171 , 599
172 , 598
173 , 598
174 , 598
175 , 598
176 , 598
177 , 598
178 , 598
179 , 598
180 , 598
181 , 598
182 , 598
183 , 598
184 , 598
185 , 598
186 , 598
187 , 599
188 , 598
189 , 602
190 , 605
191 , 604
192 , 604
193 , 604
194 , 604
195 , 604
196 , 603
197 , 603
198 , 604
199 , 603
200 , 604
201 , 604
202 , 603
203 , 603
204 , 603
205 , 603
206 , 603
207 , 603
208 , 603
209 , 603
210 , 604
211 , 604
212 , 603
213 , 604
214 , 604
215 , 603
216 , 604
217 , 604
218 , 604
220 , 599
221 , 598
222 , 599
223 , 599
224 , 598
225 , 598
226 , 598
227 , 598
228 , 598
229 , 598
230 , 598
231 , 598
232 , 598
233 , 598
234 , 598
235 , 597
236 , 598
237 , 597
238 , 597
239 , 598
240 , 598
241 , 597
242 , 597
243 , 598
244 , 597
245 , 598
246 , 598
247 , 597
248 , 597
249 , 598
250 , 598
251 , 598
252 , 598
253 , 598
254 , 598
255 , 597
256 , 598
257 , 598
258 , 598
259 , 597
260 , 598
261 , 598
262 , 597
263 , 597
264 , 597
265 , 598
266 , 598
267 , 597
268 , 597
269 , 598
270 , 597
271 , 597
272 , 597
273 , 597
274 , 597
275 , 597
276 , 597
277 , 597
278 , 597
279 , 597
280 , 597
281 , 597
282 , 597
283 , 597
284 , 597
285 , 597
286 , 597
287 , 597
288 , 597
289 , 597
290 , 597
291 , 598
292 , 597
293 , 597
294 , 597
295 , 597
296 , 597
297 , 598
298 , 597
299 , 597
300 , 597
301 , 598
302 , 597
303 , 597
304 , 597
305 , 597
306 , 598
307 , 597
308 , 597
309 , 597
310 , 597
311 , 597
312 , 597
313 , 597
314 , 597
315 , 597
316 , 597
317 , 597
318 , 597
319 , 597
320 , 597
321 , 597
322 , 597
323 , 597
324 , 597
325 , 597
326 , 597
327 , 598
328 , 597
329 , 598
330 , 597
331 , 597
332 , 597
333 , 597
334 , 597
335 , 597
336 , 597
337 , 597
338 , 597
339 , 597
340 , 597
341 , 597
342 , 598
343 , 597
344 , 597
345 , 597
346 , 597
347 , 597
348 , 597
349 , 597
350 , 597
351 , 597
352 , 597
353 , 597
354 , 597
355 , 597
356 , 597
357 , 597
358 , 597
359 , 597
360 , 597
361 , 597
362 , 597
363 , 597
364 , 597
365 , 597
366 , 597
367 , 597
368 , 597
369 , 597
370 , 597
371 , 597
372 , 597
373 , 597
374 , 597
375 , 597
376 , 597
377 , 596
378 , 597
379 , 597
380 , 597
381 , 597
382 , 597
383 , 596
384 , 597
385 , 597
386 , 597
387 , 596
388 , 597
389 , 597
390 , 596
391 , 597
392 , 597
393 , 597
394 , 597
395 , 597
396 , 597
397 , 596
398 , 597
399 , 597
400 , 597
401 , 597
402 , 597
403 , 597
404 , 597
405 , 597
406 , 597
407 , 597
408 , 597
409 , 597
410 , 597
411 , 597
412 , 597
413 , 597
414 , 596
415 , 597
416 , 597
417 , 596
418 , 597
419 , 596
420 , 596
421 , 596
422 , 596
423 , 597
424 , 596
425 , 596
426 , 596
428 , 596
429 , 596
430 , 597
431 , 597
432 , 596
433 , 596
434 , 596
435 , 596
436 , 597
437 , 596
438 , 597
439 , 597
440 , 597
441 , 597
442 , 597
443 , 597
444 , 597
445 , 597
446 , 597
447 , 597
448 , 597
449 , 597
450 , 597
451 , 596
452 , 597
453 , 596
454 , 596
455 , 596
456 , 596
457 , 596
458 , 596
459 , 596
460 , 596
461 , 596
462 , 596
463 , 596
464 , 596
465 , 596
466 , 596
467 , 597
468 , 596
469 , 596
470 , 596
471 , 596
472 , 596
473 , 596
474 , 596
475 , 596
476 , 596
477 , 596
478 , 596
479 , 596
480 , 596
481 , 597
482 , 596
483 , 596
484 , 596
485 , 596
486 , 596
487 , 596
488 , 596
489 , 596
490 , 596
491 , 596
492 , 596
493 , 597
494 , 596
495 , 596
496 , 596
497 , 596
498 , 596
499 , 596
500 , 597
501 , 596
502 , 596
503 , 597
504 , 596
505 , 596
506 , 596
507 , 596
508 , 596
509 , 596
510 , 596
511 , 597
512 , 596
513 , 596
514 , 597
515 , 596
516 , 596
517 , 596
518 , 596
519 , 596
520 , 597
521 , 596
522 , 596
523 , 596
524 , 596
525 , 596
526 , 596
527 , 596
528 , 596
529 , 596
530 , 596
531 , 596
532 , 596
533 , 596
534 , 596
535 , 596
536 , 596
537 , 596
538 , 597
539 , 596
540 , 597
541 , 596
542 , 596
543 , 596
544 , 596
545 , 596
546 , 596
547 , 596
548 , 596
549 , 596
550 , 597
551 , 597
552 , 597
553 , 596
554 , 596
555 , 596
556 , 596
557 , 596
558 , 596
559 , 596
560 , 596
561 , 597
562 , 596
563 , 596
564 , 596
565 , 596
566 , 596
567 , 596
568 , 596
569 , 596
570 , 596
571 , 596
572 , 596
573 , 596
574 , 596
575 , 596
576 , 596
577 , 596
578 , 596
579 , 596
580 , 596
581 , 596
582 , 601
583 , 602
584 , 602
585 , 602
586 , 602
587 , 602
588 , 603
589 , 602
590 , 602
591 , 603
592 , 601
593 , 602
594 , 601
595 , 601
596 , 601
597 , 601
598 , 601
599 , 601
600 , 601
601 , 601
602 , 601
603 , 601
604 , 601
605 , 601
606 , 602
607 , 602
608 , 601
609 , 602
610 , 602
611 , 601
612 , 602
613 , 602
614 , 602
615 , 603
616 , 603
617 , 602
618 , 603
619 , 603
620 , 602
621 , 602
622 , 603
623 , 603
624 , 602
625 , 602
626 , 602
627 , 602
628 , 602
629 , 602
630 , 602
631 , 602
632 , 602
633 , 602
634 , 601
635 , 601
637 , 602
638 , 601
639 , 602
640 , 601
641 , 601
642 , 602
643 , 602
644 , 601
645 , 602
646 , 601
647 , 602
648 , 601
649 , 601
650 , 601
651 , 601
652 , 602
653 , 601
654 , 602
655 , 602
656 , 602
657 , 602
658 , 602
659 , 602
660 , 602
661 , 601
662 , 602
663 , 601
664 , 602
665 , 602
666 , 602
667 , 602
668 , 602
669 , 601
670 , 601
671 , 601
672 , 600
673 , 601
674 , 601
675 , 601
676 , 601
677 , 602
678 , 602
679 , 602
680 , 602
681 , 600
682 , 602
683 , 601
684 , 600
685 , 601
686 , 601
687 , 602
688 , 602
689 , 601
690 , 601
691 , 602
692 , 601
693 , 602
694 , 602
695 , 601
696 , 602
697 , 602
698 , 602
699 , 601
700 , 600
701 , 601
702 , 601
703 , 601
704 , 601
705 , 601
706 , 600
707 , 600
708 , 601
709 , 600
710 , 600
711 , 600
712 , 600
713 , 601
714 , 601
715 , 600
716 , 600
717 , 602
718 , 600
719 , 600
720 , 600
721 , 600
722 , 601
723 , 601
724 , 601
725 , 601
726 , 601
727 , 600
728 , 601
729 , 601
730 , 601
731 , 601
732 , 601
733 , 601
734 , 600
735 , 600
736 , 600
737 , 599
738 , 600
739 , 600
740 , 600
741 , 600
742 , 600
743 , 600
744 , 600
745 , 600
746 , 600
747 , 600
748 , 599
749 , 599
750 , 600
751 , 599
752 , 600
753 , 600
754 , 600
755 , 600
756 , 600
757 , 600
758 , 600
759 , 600
760 , 601
761 , 600
762 , 600
763 , 600
764 , 600
765 , 601
766 , 601
767 , 600
768 , 600
769 , 600
770 , 600
771 , 600
772 , 599
773 , 600
774 , 600
775 , 599
776 , 600
777 , 600
778 , 599
779 , 599
780 , 599
781 , 599
782 , 600
783 , 599
784 , 600
785 , 599
786 , 600
787 , 600
788 , 600
789 , 600
790 , 600
791 , 599
792 , 600
793 , 600
794 , 600
795 , 600
796 , 600
797 , 599
798 , 600
799 , 600
800 , 600
801 , 600
802 , 600
803 , 600
804 , 600
805 , 600
806 , 599
807 , 599
808 , 599
809 , 599
810 , 599
811 , 599
812 , 599
813 , 600
814 , 599
815 , 599
816 , 599
817 , 599
818 , 599
819 , 599
820 , 599
821 , 600
822 , 600
823 , 600
824 , 600
825 , 599
826 , 600
827 , 600
828 , 600
829 , 600
830 , 599
831 , 600
832 , 600
833 , 599
834 , 599
835 , 600
836 , 600
837 , 600
838 , 599
839 , 600
840 , 599
841 , 599
842 , 599
844 , 599
845 , 599
846 , 599
847 , 599
848 , 599
849 , 599
850 , 599
851 , 599
852 , 599
853 , 599
854 , 600
855 , 600
856 , 600
857 , 600
858 , 600
859 , 600
860 , 600
861 , 600
862 , 600
863 , 600
864 , 600
865 , 600
866 , 600
867 , 600
868 , 599
869 , 599
870 , 599
871 , 599
872 , 600
873 , 600
874 , 600
875 , 600
876 , 600
877 , 599
878 , 599
879 , 599
880 , 600
881 , 599
882 , 600
883 , 599
884 , 600
885 , 600
886 , 600
887 , 600
888 , 600
889 , 600
890 , 600
891 , 600
892 , 600
893 , 600
894 , 601
895 , 600
896 , 601
897 , 601
898 , 601
899 , 602
900 , 601
901 , 601
902 , 601
903 , 601
904 , 601
905 , 601
906 , 601
907 , 601
908 , 601
909 , 601
910 , 601
911 , 600
912 , 599
913 , 599
914 , 598
915 , 598
916 , 598
917 , 598
918 , 598
919 , 600
920 , 600
921 , 600
922 , 600
923 , 601
924 , 600
925 , 600
926 , 599
927 , 599
928 , 599
929 , 599
930 , 601
931 , 601
932 , 601
933 , 601
934 , 600
935 , 601
936 , 602
937 , 602
938 , 601
939 , 601
940 , 601
941 , 601
942 , 601
943 , 601
944 , 601
945 , 601
946 , 600
947 , 600
948 , 600
949 , 600
950 , 600
951 , 600
952 , 600
953 , 600
954 , 600
955 , 601
956 , 601
957 , 600
958 , 600
959 , 601
960 , 601
961 , 601
962 , 601
963 , 601
964 , 601
965 , 601
966 , 601
967 , 601
968 , 601
969 , 601
970 , 600
971 , 600
972 , 601
973 , 600
974 , 601
975 , 601
976 , 601
977 , 601
978 , 600
979 , 600
980 , 601
981 , 601
982 , 601
983 , 601
984 , 601
985 , 601
986 , 601
987 , 601
988 , 601
989 , 601
990 , 601
991 , 601
992 , 601
993 , 601
994 , 601
995 , 601
996 , 601
997 , 601
998 , 601
999 , 601
1000 , 601
1001 , 601
1002 , 601
1003 , 601
1004 , 601
1005 , 601
1006 , 601
1007 , 601
1008 , 601
1009 , 601
1010 , 601
1011 , 601
1012 , 602
1013 , 601
1014 , 602
1015 , 602
1016 , 601
1017 , 600
1018 , 599
1019 , 599
1020 , 595
1021 , 595
1022 , 594
1023 , 593
1024 , 593
1025 , 592
1026 , 591
1027 , 591
1028 , 591
1029 , 591
1030 , 591
1031 , 590
1032 , 590
1033 , 590
1034 , 590
1035 , 590
1036 , 590
1037 , 590
1038 , 591
1039 , 591
1040 , 592
1041 , 593
1042 , 593
1043 , 594
1044 , 593
1045 , 593
1046 , 593
1048 , 592
1049 , 592
1050 , 592
1051 , 592
1052 , 592
1053 , 591
1054 , 591
1055 , 591
1056 , 591
1057 , 591
1058 , 591
1059 , 591
1060 , 591
1061 , 591
1062 , 591
1063 , 590
1064 , 590
1065 , 590
1066 , 591
1067 , 591
1068 , 591
1069 , 591
1070 , 591
1071 , 591
1072 , 591
1073 , 591
1074 , 592
1075 , 592
1076 , 592
1077 , 592
1078 , 592
1079 , 592
1080 , 592
1081 , 593
1082 , 593
1083 , 593
1084 , 593
1085 , 593
1086 , 593
1087 , 593
1088 , 593
1089 , 594
1090 , 593
1091 , 593
1092 , 594
1093 , 593
1094 , 593
1095 , 593
1096 , 593
1097 , 593
1098 , 593
1099 , 593
1100 , 594
1101 , 593
1102 , 593
1103 , 594
1104 , 593
1105 , 594
1106 , 594
1107 , 594
1108 , 594
1109 , 594
1110 , 594
1111 , 594
1112 , 594
1113 , 594
1114 , 594
1115 , 594
1116 , 595
1117 , 594
1118 , 594
1119 , 594
1120 , 594
1121 , 595
1122 , 594
1123 , 594
1124 , 595
1125 , 595
1126 , 595
1127 , 595
1128 , 595
1129 , 595
1130 , 595
1131 , 595
1132 , 596
1133 , 596
1134 , 596
1135 , 597
1136 , 598
1137 , 598
1138 , 599
1139 , 599
1140 , 600
1141 , 600
1142 , 600
1143 , 600
1144 , 600
1145 , 601
1146 , 600
1147 , 601
1148 , 601
1149 , 601
1150 , 601
1151 , 601
1152 , 601
1153 , 602
1154 , 601
1155 , 601
1156 , 601
1157 , 602
1158 , 602
1159 , 602
1160 , 602
1161 , 602
1162 , 602
1163 , 602
1164 , 602
1165 , 602
1166 , 602
1167 , 602
1168 , 602
1169 , 602
1170 , 603
1171 , 602
1172 , 603
1173 , 602
1174 , 603
1175 , 603
1176 , 603
1177 , 603
1178 , 603
1179 , 603
1180 , 603
1181 , 603
1182 , 603
1183 , 603
1184 , 603
1185 , 603
1186 , 603
1187 , 603
1188 , 603
1189 , 603
1190 , 603
1191 , 603
1192 , 603
1193 , 603
1194 , 603
1195 , 603
1196 , 603
1197 , 603
1198 , 603
1199 , 603
1200 , 604
1201 , 604
1202 , 604
1203 , 604
1204 , 604
1205 , 604
1206 , 604
1207 , 604
1208 , 604
1209 , 605
1210 , 604
1211 , 604
1212 , 604
1213 , 604
1214 , 604
1215 , 604
1216 , 604
1217 , 604
1218 , 604
1219 , 604
1220 , 604
1221 , 604
1222 , 604
1223 , 604
1224 , 604
1225 , 605
1226 , 605
1227 , 604
1228 , 605
1229 , 604
1230 , 605
1231 , 605
1232 , 605
1233 , 605
1234 , 605
1235 , 605
1236 , 605
1237 , 605
1238 , 605
1239 , 605
1241 , 605
1242 , 604
1243 , 605
1244 , 605
1245 , 605
1246 , 605
1247 , 605
1248 , 605
1249 , 605
1250 , 605
1251 , 605
1252 , 605
1253 , 605
1254 , 605
1255 , 605
1256 , 605
1257 , 605
1258 , 605
1259 , 605
1260 , 605
1261 , 605
1262 , 605
1263 , 604
1264 , 605
1265 , 605
1266 , 605
1267 , 605
1268 , 605
1269 , 605
1270 , 605
1271 , 605
1272 , 605
1273 , 605
1274 , 605
1275 , 605
1276 , 605
1277 , 605
1278 , 605
1279 , 605
1280 , 605
1281 , 605
1282 , 605
1283 , 605
1284 , 605
1285 , 605
1286 , 605
1287 , 605
1288 , 605
1289 , 605
1290 , 605
1291 , 605
1292 , 605
1293 , 605
1294 , 605
1295 , 605
1296 , 605
1297 , 605
1298 , 605
1299 , 605
1300 , 605
1301 , 605
1302 , 605
1303 , 605
1304 , 605
1305 , 605
1306 , 605
1307 , 605
1308 , 605
1309 , 605
1310 , 605
1311 , 605
1312 , 605
1313 , 605
1314 , 604
1315 , 605
1316 , 605
1317 , 605
1318 , 605
1319 , 605
1320 , 605
1321 , 605
1322 , 605
1323 , 604
1324 , 605
1325 , 604
1326 , 604
1327 , 604
1328 , 605
1329 , 604
1330 , 604
1331 , 604
1332 , 604
1333 , 604
1334 , 604
1335 , 604
1336 , 604
1337 , 604
1338 , 604
1339 , 604
1340 , 604
1341 , 604
1342 , 604
1343 , 604
1344 , 605
1345 , 604
1346 , 604
1347 , 605
1348 , 604
1349 , 604
1350 , 603
1351 , 603
1352 , 601
1353 , 600
1354 , 599
1355 , 598
1356 , 597
1357 , 596
1358 , 595
1359 , 593
1360 , 592
1361 , 592
1362 , 591
1363 , 590
1364 , 589
1365 , 589
1366 , 588
1367 , 588
1368 , 587
1369 , 586
1370 , 586
1371 , 585
1372 , 585
1373 , 584
1374 , 584
1375 , 583
1376 , 583
1377 , 583
1378 , 583
1379 , 582
1380 , 581
1381 , 581
1382 , 581
1383 , 580
1384 , 580
1385 , 580
1386 , 579
1387 , 579
1388 , 579
1389 , 578
1390 , 578
1391 , 577
1392 , 577
1393 , 577
1394 , 576
1395 , 576
1396 , 576
1397 , 576
1398 , 575
1399 , 575
1400 , 575
1401 , 575
1402 , 574
1403 , 574
1404 , 574
1405 , 573
1406 , 573
1407 , 573
1408 , 572
1409 , 572
1410 , 572
1411 , 572
1412 , 571
1413 , 572
1414 , 571
1415 , 571
1416 , 570
1417 , 570
1418 , 570
1419 , 569
1420 , 569
1421 , 569
1422 , 569
1423 , 569
1424 , 568
1425 , 568
1426 , 568
1427 , 568
1428 , 567
1429 , 567
1430 , 567
1431 , 567
1432 , 567
1434 , 567
1435 , 566
1436 , 566
1437 , 566
1438 , 566
1439 , 565
1440 , 565
1441 , 565
1442 , 565
1443 , 565
1444 , 565
1445 , 565
1446 , 564
1447 , 564
1448 , 564
1449 , 564
1450 , 563
1451 , 563
1452 , 563
1453 , 563
1454 , 563
1455 , 563
1456 , 562
1457 , 562
1458 , 562
1459 , 562
1460 , 561
1461 , 562
1462 , 561
1463 , 561
1464 , 561
1465 , 561
1466 , 560
1467 , 560
1468 , 560
1469 , 560
1470 , 560
1471 , 560
1472 , 560
1473 , 559
1474 , 559
1475 , 559
1476 , 559
1477 , 559
1478 , 559
1479 , 559
1480 , 558
1481 , 558
1482 , 558
1483 , 558
1484 , 558
1485 , 558
1486 , 558
1487 , 558
1488 , 558
1489 , 557
1490 , 557
1491 , 557
1492 , 557
1493 , 557
1494 , 557
1495 , 557
1496 , 557
1497 , 556
1498 , 556
1499 , 556
1500 , 556
1501 , 556
1502 , 556
1503 , 556
1504 , 556
1505 , 556
1506 , 556
1507 , 555
1508 , 555
1509 , 555
1510 , 555
1511 , 555
1512 , 555
1513 , 555
1514 , 555
1515 , 554
1516 , 554
1517 , 554
1518 , 554
1519 , 554
1520 , 554
1521 , 554
1522 , 554
1523 , 553
1524 , 553
1525 , 553
1526 , 553
1527 , 553
1528 , 553
1529 , 553
1530 , 553
1531 , 552
1532 , 552
1533 , 553
1534 , 552
1535 , 552
1536 , 552
1537 , 552
1538 , 552
1539 , 552
1540 , 551
1541 , 551
1542 , 551
1543 , 551
1544 , 551
1545 , 551
1546 , 551
1547 , 551
1548 , 551
1549 , 551
1550 , 550
1551 , 551
1552 , 551
1553 , 550
1554 , 550
1555 , 550
1556 , 550
1557 , 550
1558 , 550
1559 , 550
1560 , 549
1561 , 549
1562 , 549
1563 , 549
1564 , 549
1565 , 549
1566 , 549
1567 , 549
1568 , 549
1569 , 549
1570 , 549
1571 , 548
1572 , 548
1573 , 548
1574 , 548
1575 , 548
1576 , 548
1577 , 548
1578 , 548
1579 , 548
1580 , 548
1581 , 547
1582 , 547
1583 , 547
1584 , 547
1585 , 547
1586 , 547
1587 , 547
1588 , 547
1589 , 547
1590 , 547
1591 , 547
1592 , 546
1593 , 546
1594 , 546
1595 , 546
1596 , 546
1597 , 546
1598 , 546
1599 , 546
1600 , 546
1601 , 546
1602 , 546
1603 , 545
1604 , 545
1605 , 545
1606 , 545
1607 , 545
1608 , 545
1609 , 545
1610 , 545
1611 , 544
1612 , 545
1613 , 544
1614 , 544
1615 , 544
1616 , 544
1617 , 544
1618 , 544
1619 , 544
1620 , 544
1621 , 544
1622 , 544
1623 , 543
1624 , 543
1625 , 543
1627 , 543
1628 , 543
1629 , 543
1630 , 543
1631 , 543
1632 , 543
1633 , 543
1634 , 543
1635 , 543
1636 , 543
1637 , 543
1638 , 543
1639 , 543
1640 , 543
1641 , 542
1642 , 542
1643 , 542
1644 , 542
1645 , 542
1646 , 542
1647 , 542
1648 , 542
1649 , 542
1650 , 542
1651 , 542
1652 , 542
1653 , 542
1654 , 542
1655 , 542
1656 , 542
1657 , 542
1658 , 541
1659 , 541
1660 , 542
1661 , 541
1662 , 541
1663 , 541
1664 , 541
1665 , 541
1666 , 541
1667 , 541
1668 , 540
1669 , 541
1670 , 541
1671 , 541
1672 , 541
1673 , 540
1674 , 540
1675 , 540
1676 , 540
1677 , 540
1678 , 540
1679 , 540
1680 , 540
1681 , 540
1682 , 540
1683 , 540
1684 , 540
1685 , 539
1686 , 539
1687 , 539
1688 , 539
1689 , 539
1690 , 539
1691 , 539
1692 , 539
1693 , 539
1694 , 539
1695 , 539
1696 , 539
1697 , 539
1698 , 539
1699 , 539
1700 , 538
1701 , 538
1702 , 538
1703 , 538
1704 , 538
1705 , 538
1706 , 538
1707 , 538
1708 , 538
1709 , 538
1710 , 538
1711 , 538
1712 , 538
1713 , 538
1714 , 538
1715 , 538
1716 , 537
1717 , 538
1718 , 537
1719 , 537
1720 , 537
1721 , 537
1722 , 538
1723 , 537
1724 , 538
1725 , 537
1726 , 537
1727 , 537
1728 , 537
1729 , 537
1730 , 537
1731 , 537
1732 , 537
1733 , 537
1734 , 537
1735 , 537
1736 , 537
1737 , 536
1738 , 537
1739 , 537
1740 , 537
1741 , 537
1742 , 536
1743 , 536
1744 , 537
1745 , 536
1746 , 536
1747 , 536
1748 , 536
1749 , 536
1750 , 536
1751 , 536
1752 , 536
1753 , 537
1754 , 536
1755 , 536
1756 , 536
1757 , 536
1758 , 536
1759 , 536
1760 , 536
1761 , 536
1762 , 536
1763 , 536
1764 , 536
1765 , 535
1766 , 535
1767 , 536
1768 , 536
1769 , 536
1770 , 535
1771 , 535
1772 , 535
1773 , 535
1774 , 535
1775 , 535
1776 , 535
1777 , 535
1778 , 535
1779 , 535
1780 , 535
1781 , 535
1782 , 535
1783 , 535
1784 , 535
1785 , 535
1786 , 535
1787 , 535
1788 , 535
1789 , 535
1790 , 535
1791 , 535
1792 , 535
1793 , 534
1794 , 534
1795 , 534
1796 , 534
1797 , 535
1798 , 534
1799 , 534
1800 , 534
1801 , 534
1802 , 534
1803 , 534
1804 , 534
1805 , 534
1806 , 534
1807 , 534
1808 , 534
1809 , 534
1810 , 534
1811 , 534
1812 , 533
1813 , 533
1814 , 533
1815 , 533
1816 , 534
1817 , 533
1819 , 533
1820 , 533
1821 , 534
1822 , 533
1823 , 533
1824 , 533
1825 , 533
1826 , 533
1827 , 533
1828 , 533
1829 , 533
1830 , 533
1831 , 533
1832 , 533
1833 , 533
1834 , 533
1835 , 533
1836 , 533
1837 , 533
1838 , 533
1839 , 533
1840 , 533
1841 , 533
1842 , 533
1843 , 532
1844 , 532
1845 , 532
1846 , 533
1847 , 533
1848 , 533
1849 , 533
1850 , 532
1851 , 533
1852 , 532
1853 , 532
1854 , 533
1855 , 532
1856 , 532
1857 , 532
1858 , 532
1859 , 532
1860 , 532
1861 , 532
1862 , 533
1863 , 532
1864 , 532
1865 , 532
1866 , 532
1867 , 532
1868 , 532
1869 , 532
1870 , 532
1871 , 532
1872 , 532
1873 , 532
1874 , 532
1875 , 532
1876 , 532
1877 , 532
1878 , 532
1879 , 532
1880 , 532
1881 , 532
1882 , 532
1883 , 532
1884 , 532
1885 , 532
1886 , 532
1887 , 532
1888 , 531
1889 , 532
1890 , 532
1891 , 532
1892 , 532
1893 , 532
1894 , 531
1895 , 532
1896 , 531
1897 , 532
1898 , 532
1899 , 532
1900 , 532
1901 , 532
1902 , 532
1903 , 532
1904 , 531
1905 , 531
1906 , 532
1907 , 531
1908 , 532
1909 , 531
1910 , 531
1911 , 531
1912 , 531
1913 , 531
1914 , 531
1915 , 531
1916 , 531
1917 , 531
1918 , 531
1919 , 531
1920 , 531
1921 , 531
1922 , 531
1923 , 531
1924 , 531
1925 , 531
1926 , 531
1927 , 531
1928 , 531
1929 , 531
1930 , 531
1931 , 531
1932 , 531
1933 , 531
1934 , 531
1935 , 531
1936 , 531
1937 , 531
1938 , 531
1939 , 531
1940 , 531
1941 , 530
1942 , 531
1943 , 531
1944 , 531
1945 , 531
1946 , 531
1947 , 531
1948 , 530
1949 , 530
1950 , 530
1951 , 531
1952 , 530
1953 , 530
1954 , 530
1955 , 530
1956 , 530
1957 , 530
1958 , 530
1959 , 530
1960 , 530
1961 , 530
1962 , 530
1963 , 530
1964 , 530
1965 , 530
1966 , 530
1967 , 530
1968 , 530
1969 , 530
1970 , 530
1971 , 529
1972 , 530
1973 , 530
1974 , 530
1975 , 530
1976 , 530
1977 , 530
1978 , 530
1979 , 530
1980 , 530
1981 , 530
1982 , 530
1983 , 530
1984 , 530
1985 , 530
1986 , 530
1987 , 530
1988 , 530
1989 , 530
1990 , 530
1991 , 530
1992 , 530
1993 , 529
1994 , 529
1995 , 529
1996 , 530
1997 , 529
1998 , 529
1999 , 529
2000 , 529
2001 , 529
2002 , 529
2003 , 529
2004 , 530
2005 , 529
2006 , 529
2007 , 529
2008 , 530
2009 , 530
2011 , 529
2012 , 529
2013 , 529
2014 , 529
2015 , 529
2016 , 529
2017 , 529
2018 , 529
2019 , 529
2020 , 529
2021 , 529
2022 , 529
2023 , 529
2024 , 529
2025 , 529
2026 , 529
2027 , 529
2028 , 529
2029 , 529
2030 , 529
2031 , 529
2032 , 529
2033 , 529
2034 , 529
2035 , 529
2036 , 529
2037 , 529
2038 , 529
2039 , 529
2040 , 529
2041 , 529
2042 , 529
2043 , 529
2044 , 529
2045 , 529
2046 , 528
2047 , 529
2048 , 529
2049 , 529
2050 , 529
2051 , 529
2052 , 528
2053 , 528
2054 , 529
2055 , 528
2056 , 529
2057 , 529
2058 , 529
2059 , 529
2060 , 529
2061 , 529
2062 , 528
2063 , 528
2064 , 529
2065 , 529
2066 , 529
2067 , 529
2068 , 529
2069 , 528
2070 , 529
2071 , 528
2072 , 528
2073 , 528
2074 , 528
2075 , 529
2076 , 528
2077 , 529
2078 , 529
2079 , 529
2080 , 529
2081 , 529
2082 , 528
2083 , 529
2084 , 529
2085 , 528
2086 , 528
2087 , 529
2088 , 528
2089 , 529
2090 , 528
2091 , 528
2092 , 528
2093 , 529
2094 , 528
2095 , 528
2096 , 528
2097 , 528
2098 , 528
2099 , 528
2100 , 528
2101 , 528
2102 , 528
2103 , 528
2104 , 528
2105 , 528
2106 , 528
2107 , 528
2108 , 528
2109 , 529
2110 , 528
2111 , 528
2112 , 528
2113 , 528
2114 , 528
2115 , 528
2116 , 528
2117 , 528
2118 , 528
2119 , 528
2120 , 528
2121 , 528
2122 , 528
2123 , 528
2124 , 528
2125 , 528
2126 , 528
2127 , 528
2128 , 528
2129 , 528
2130 , 528
2131 , 528
2132 , 528
2133 , 528
2134 , 528
2135 , 528
2136 , 528
2137 , 528
2138 , 528
2139 , 528
2140 , 528
2141 , 528
2142 , 528
2143 , 528
2144 , 528
2145 , 528
2146 , 528
2147 , 528
2148 , 528
2149 , 528
2150 , 528
2151 , 528
2152 , 528
2153 , 528
2154 , 528
2155 , 528
2156 , 528
2157 , 528
2158 , 528
2159 , 528
2160 , 528
2161 , 528
2162 , 528
2163 , 528
2164 , 528
2165 , 528
2166 , 528
2167 , 527
2168 , 528
2169 , 528
2170 , 528
2171 , 528
2172 , 528
2173 , 528
2174 , 528
2175 , 528
2176 , 528
2177 , 528
2178 , 528
2179 , 528
2180 , 527
2181 , 528
2182 , 528
2183 , 528
2184 , 528
2185 , 527
2186 , 528
2187 , 527
2188 , 527
2189 , 527
2190 , 527
2191 , 527
2192 , 527
2193 , 528
2194 , 528
2195 , 527
2196 , 527
2197 , 527
2198 , 527
2199 , 528
2200 , 527
2201 , 527
2203 , 527
2204 , 527
2205 , 527
2206 , 527
2207 , 527
2208 , 527
2209 , 527
2210 , 527
2211 , 527
2212 , 527
2213 , 527
2214 , 527
2215 , 527
2216 , 527
2217 , 527
2218 , 527
2219 , 527
2220 , 527
2221 , 527
2222 , 527
2223 , 527
2224 , 527
2225 , 527
2226 , 527
2227 , 527
2228 , 527
2229 , 527
2230 , 527
2231 , 527
2232 , 527
2233 , 527
2234 , 527
2235 , 527
2236 , 527
2237 , 527
2238 , 527
2239 , 527
2240 , 527
2241 , 527
2242 , 527
2243 , 527
2244 , 527
2245 , 527
2246 , 527
2247 , 527
2248 , 527
2249 , 527
2250 , 527
2251 , 527
2252 , 527
2253 , 527
2254 , 527
2255 , 527
2256 , 527
2257 , 527
2258 , 527
2259 , 526
2260 , 527
2261 , 527
2262 , 527
2263 , 527
2264 , 527
2265 , 527
2266 , 527
2267 , 527
2268 , 527
2269 , 527
2270 , 527
2271 , 527
2272 , 527
2273 , 526
2274 , 527
2275 , 527
2276 , 526
2277 , 526
2278 , 527
2279 , 526
2280 , 526
2281 , 527
2282 , 527
2283 , 526
2284 , 526
2285 , 526
2286 , 526
2287 , 526
2288 , 526
2289 , 526
2290 , 527
2291 , 526
2292 , 527
2293 , 526
2294 , 526
2295 , 527
2296 , 526
2297 , 527
2298 , 526
2299 , 526
2300 , 526
2301 , 526
2302 , 526
2303 , 526
2304 , 526
2305 , 526
2306 , 526
2307 , 526
2308 , 527
2309 , 527
2310 , 526
2311 , 526
2312 , 526
2313 , 526
2314 , 526
2315 , 526
2316 , 526
2317 , 526
2318 , 526
2319 , 526
2320 , 526
2321 , 526
2322 , 526
2323 , 526
2324 , 526
2325 , 526
2326 , 526
2327 , 527
2328 , 526
2329 , 526
2330 , 526
2331 , 526
2332 , 526
2333 , 526
2334 , 526
2335 , 526
2336 , 526
2337 , 526
2338 , 526
2339 , 526
2340 , 526
2341 , 526
2342 , 526
2343 , 526
2344 , 526
2345 , 526
2346 , 526
2347 , 526
2348 , 526
2349 , 526
2350 , 526
2351 , 526
2352 , 526
2353 , 525
2354 , 526
2355 , 526
2356 , 526
2357 , 526
2358 , 526
2359 , 526
2360 , 526
2361 , 526
2362 , 526
2363 , 526
2364 , 526
2365 , 525
2366 , 526
2367 , 526
2368 , 526
2369 , 526
2370 , 525
2371 , 525
2372 , 526
2373 , 526
2374 , 526
2375 , 525
2376 , 525
2377 , 526
2378 , 525
2379 , 525
2380 , 525
2381 , 525
2382 , 525
2383 , 525
2384 , 526
2385 , 525
2386 , 525
2387 , 526
2388 , 525
2389 , 525
2390 , 525
2391 , 525
2392 , 525
2393 , 525
2395 , 525
2396 , 525
2397 , 525
2398 , 525
2399 , 525
2400 , 525
2401 , 525
2402 , 525
2403 , 525
2404 , 525
2405 , 525
2406 , 525
2407 , 525
2408 , 525
2409 , 525
2410 , 525
2411 , 525
2412 , 525
2413 , 525
2414 , 525
2415 , 525
2416 , 525
2417 , 525
2418 , 525
2419 , 525
2420 , 525
2421 , 525
2422 , 525
2423 , 525
2424 , 525
2425 , 525
2426 , 525
2427 , 525
2428 , 525
2429 , 525
2430 , 525
2431 , 525
2432 , 525
2433 , 525
2434 , 525
2435 , 525
2436 , 525
2437 , 525
2438 , 525
2439 , 525
2440 , 525
2441 , 525
2442 , 525
2443 , 525
2444 , 525
2445 , 525
2446 , 524
2447 , 525
2448 , 525
2449 , 525
2450 , 525
2451 , 525
2452 , 525
2453 , 524
2454 , 524
2455 , 525
2456 , 525
2457 , 525
2458 , 525
2459 , 525
2460 , 525
2461 , 525
2462 , 525
2463 , 524
2464 , 525
2465 , 525
2466 , 524
2467 , 524
2468 , 525
2469 , 524
2470 , 524
2471 , 525
2472 , 524
2473 , 525
2474 , 525
2475 , 524
2476 , 524
2477 , 525
2478 , 525
2479 , 525
2480 , 525
2481 , 524
2482 , 525
2483 , 524
2484 , 525
2485 , 524
2486 , 524
2487 , 524
2488 , 524
2489 , 525
2490 , 525
2491 , 524
2492 , 524
2493 , 524
2494 , 524
2495 , 525
2496 , 524
2497 , 524
2498 , 525
2499 , 524
2500 , 525
2501 , 524
