0 , 608
1 , 608
2 , 608
3 , 608
4 , 608
5 , 608
6 , 608
7 , 607
8 , 608
9 , 608
10 , 608
11 , 608
12 , 608
13 , 608
14 , 608
15 , 608
16 , 608
17 , 608
18 , 608
19 , 608
20 , 608
21 , 608
22 , 608
23 , 608
24 , 608
26 , 608
27 , 608
28 , 608
29 , 608
30 , 608
31 , 608
32 , 608
33 , 608
34 , 608
35 , 608
36 , 607
37 , 608
38 , 608
39 , 608
40 , 607
41 , 608
42 , 607
43 , 608
44 , 608
45 , 608
46 , 608
47 , 608
48 , 608
49 , 608
51 , 607
52 , 608
53 , 608
54 , 608
55 , 608
56 , 608
57 , 608
58 , 608
59 , 608
60 , 608
61 , 608
62 , 608
63 , 608
64 , 608
65 , 608
66 , 608
67 , 608
68 , 608
69 , 608
70 , 608
71 , 607
73 , 607
74 , 608
75 , 607
76 , 607
77 , 607
78 , 607
79 , 607
80 , 607
81 , 606
82 , 607
83 , 606
84 , 606
85 , 606
86 , 605
87 , 605
88 , 605
89 , 605
90 , 605
91 , 605
92 , 605
93 , 605
94 , 605
95 , 605
96 , 605
97 , 605
99 , 604
100 , 605
101 , 604
102 , 604
103 , 604
104 , 604
105 , 604
106 , 603
107 , 603
108 , 603
109 , 603
110 , 603
111 , 603
112 , 602
113 , 602
114 , 602
115 , 602
116 , 601
117 , 601
118 , 601
120 , 601
121 , 601
122 , 601
123 , 600
124 , 601
125 , 601
126 , 600
127 , 600
128 , 600
129 , 599
130 , 599
131 , 599
132 , 599
133 , 599
134 , 599
135 , 599
136 , 598
137 , 598
138 , 598
139 , 599
141 , 598
142 , 598
143 , 598
144 , 598
145 , 597
146 , 597
147 , 597
148 , 597
149 , 597
150 , 597
151 , 597
152 , 596
153 , 597
154 , 597
155 , 596
156 , 596
157 , 596
158 , 596
159 , 596
160 , 596
161 , 595
163 , 596
164 , 595
165 , 595
166 , 595
167 , 595
168 , 595
169 , 595
171 , 594
172 , 595
173 , 594
174 , 594
175 , 594
176 , 594
177 , 594
178 , 594
180 , 594
181 , 593
182 , 593
183 , 593
184 , 593
185 , 593
187 , 593
188 , 593
189 , 593
190 , 593
191 , 593
192 , 593
193 , 592
195 , 592
196 , 592
197 , 592
198 , 592
199 , 592
200 , 592
201 , 592
203 , 592
204 , 592
205 , 591
206 , 591
207 , 592
208 , 591
209 , 591
211 , 591
212 , 591
213 , 591
214 , 591
215 , 591
216 , 591
217 , 591
219 , 591
220 , 591
221 , 590
222 , 590
223 , 590
224 , 590
225 , 590
227 , 590
228 , 589
229 , 590
230 , 590
231 , 590
232 , 589
233 , 589
235 , 589
236 , 589
237 , 589
238 , 589
239 , 589
240 , 589
241 , 589
243 , 589
244 , 589
245 , 589
246 , 588
247 , 588
248 , 588
249 , 588
251 , 588
252 , 588
253 , 588
254 , 588
255 , 588
256 , 588
257 , 587
259 , 588
260 , 588
261 , 587
262 , 588
263 , 587
264 , 587
265 , 587
267 , 587
268 , 587
269 , 588
270 , 587
271 , 587
272 , 587
274 , 587
275 , 586
276 , 586
277 , 587
278 , 586
279 , 586
280 , 586
282 , 586
283 , 586
284 , 586
285 , 586
286 , 586
287 , 585
288 , 586
289 , 586
291 , 586
292 , 586
293 , 586
294 , 586
295 , 585
296 , 585
297 , 585
299 , 585
300 , 585
301 , 585
302 , 585
303 , 585
304 , 585
306 , 585
307 , 585
308 , 585
309 , 585
310 , 585
311 , 585
312 , 584
314 , 585
315 , 584
316 , 584
317 , 584
318 , 584
319 , 584
320 , 584
322 , 584
323 , 584
324 , 584
325 , 584
326 , 583
327 , 584
328 , 583
330 , 584
331 , 584
332 , 583
333 , 583
334 , 583
335 , 583
336 , 583
338 , 583
339 , 583
340 , 583
341 , 583
342 , 583
343 , 583
344 , 583
346 , 583
347 , 583
348 , 583
349 , 583
350 , 582
351 , 583
352 , 583
354 , 582
355 , 582
356 , 582
357 , 582
358 , 582
359 , 582
360 , 582
362 , 582
363 , 582
364 , 582
365 , 582
366 , 582
367 , 581
368 , 582
370 , 582
371 , 581
372 , 581
373 , 581
374 , 581
375 , 581
376 , 581
378 , 581
379 , 581
380 , 581
381 , 581
382 , 581
383 , 581
384 , 581
386 , 581
387 , 581
388 , 581
389 , 581
390 , 581
391 , 580
393 , 581
394 , 581
395 , 580
396 , 580
397 , 580
398 , 580
399 , 580
400 , 580
402 , 580
403 , 580
404 , 580
405 , 580
406 , 580
407 , 580
408 , 580
410 , 580
411 , 580
412 , 579
413 , 580
414 , 579
415 , 579
416 , 579
418 , 579
419 , 579
420 , 579
421 , 579
422 , 580
423 , 579
424 , 579
426 , 579
427 , 579
428 , 579
429 , 579
430 , 579
431 , 579
433 , 579
434 , 579
435 , 579
436 , 578
437 , 579
438 , 578
439 , 578
441 , 578
442 , 578
443 , 578
444 , 578
445 , 578
446 , 578
447 , 578
449 , 578
450 , 578
451 , 578
452 , 578
453 , 578
454 , 578
455 , 578
457 , 578
458 , 578
459 , 578
460 , 577
461 , 577
462 , 578
463 , 577
464 , 577
466 , 577
467 , 577
468 , 577
469 , 577
470 , 578
471 , 577
473 , 577
474 , 577
475 , 577
476 , 577
477 , 576
478 , 577
479 , 577
481 , 577
482 , 577
483 , 577
484 , 577
485 , 577
486 , 577
487 , 576
489 , 577
490 , 577
491 , 576
492 , 576
493 , 576
494 , 576
495 , 576
497 , 576
498 , 576
499 , 576
500 , 576
501 , 576
502 , 576
503 , 576
505 , 576
506 , 576
507 , 576
508 , 576
509 , 576
510 , 576
511 , 576
513 , 576
514 , 576
515 , 575
516 , 575
517 , 576
518 , 575
519 , 575
521 , 575
522 , 575
523 , 575
524 , 575
525 , 575
526 , 575
527 , 575
529 , 575
530 , 575
531 , 575
532 , 575
533 , 575
534 , 575
535 , 575
537 , 575
538 , 575
539 , 575
540 , 575
541 , 575
542 , 575
543 , 575
545 , 575
546 , 574
547 , 574
548 , 574
549 , 574
550 , 574
551 , 574
553 , 574
554 , 574
555 , 574
556 , 574
557 , 574
558 , 574
560 , 575
561 , 574
562 , 574
563 , 574
564 , 574
565 , 574
566 , 573
568 , 574
569 , 574
570 , 574
571 , 574
572 , 573
573 , 573
574 , 574
576 , 573
577 , 573
578 , 573
579 , 573
580 , 573
581 , 573
582 , 573
583 , 573
585 , 573
586 , 573
587 , 573
588 , 573
589 , 573
590 , 573
591 , 573
593 , 573
594 , 573
595 , 573
596 , 573
597 , 573
598 , 573
600 , 573
601 , 573
602 , 573
603 , 572
604 , 572
605 , 572
606 , 572
608 , 572
609 , 572
610 , 572
611 , 572
612 , 572
613 , 572
614 , 572
616 , 572
617 , 572
618 , 572
619 , 572
620 , 572
621 , 572
622 , 572
624 , 572
625 , 572
626 , 572
627 , 571
628 , 572
629 , 572
630 , 571
632 , 572
633 , 571
634 , 572
635 , 572
636 , 570
637 , 571
638 , 571
640 , 571
641 , 571
642 , 571
643 , 571
644 , 571
645 , 571
646 , 571
648 , 571
649 , 571
650 , 571
651 , 571
652 , 571
653 , 571
654 , 571
656 , 571
657 , 571
658 , 571
659 , 571
660 , 571
661 , 570
662 , 570
664 , 570
665 , 570
666 , 570
667 , 570
668 , 570
669 , 570
670 , 570
672 , 570
673 , 570
674 , 570
675 , 570
676 , 570
677 , 570
679 , 570
680 , 570
681 , 570
682 , 570
683 , 570
684 , 570
685 , 570
687 , 570
688 , 570
689 , 570
690 , 569
691 , 569
692 , 570
693 , 569
694 , 569
696 , 569
697 , 569
698 , 570
699 , 569
700 , 569
701 , 569
702 , 569
704 , 569
705 , 569
706 , 569
707 , 569
708 , 569
709 , 569
710 , 569
712 , 569
713 , 569
714 , 569
715 , 569
716 , 569
717 , 569
719 , 569
720 , 569
721 , 569
722 , 569
723 , 569
724 , 569
725 , 569
727 , 568
728 , 568
729 , 569
730 , 568
731 , 569
732 , 569
733 , 568
735 , 569
736 , 569
737 , 568
738 , 568
739 , 568
740 , 568
741 , 568
743 , 568
744 , 568
745 , 568
746 , 568
747 , 568
748 , 568
749 , 568
751 , 568
752 , 568
753 , 568
754 , 568
755 , 568
756 , 568
757 , 568
759 , 568
760 , 568
761 , 568
762 , 568
763 , 568
764 , 568
765 , 568
767 , 568
768 , 567
769 , 567
770 , 567
771 , 567
772 , 567
773 , 567
775 , 567
776 , 567
777 , 567
778 , 568
779 , 567
780 , 567
781 , 568
783 , 567
784 , 567
785 , 567
786 , 567
787 , 567
788 , 567
789 , 567
791 , 567
792 , 567
793 , 567
794 , 567
795 , 567
796 , 567
797 , 567
799 , 567
800 , 567
801 , 567
802 , 567
803 , 567
804 , 567
805 , 567
807 , 567
808 , 567
809 , 567
810 , 567
811 , 567
812 , 567
813 , 567
815 , 567
816 , 567
817 , 567
818 , 567
819 , 566
820 , 566
821 , 566
823 , 566
824 , 566
825 , 566
826 , 566
827 , 566
828 , 566
829 , 566
831 , 566
832 , 566
833 , 566
834 , 566
835 , 566
836 , 566
837 , 566
839 , 566
840 , 566
841 , 566
842 , 566
843 , 566
844 , 566
846 , 566
847 , 566
848 , 566
849 , 566
850 , 566
851 , 566
852 , 566
854 , 566
855 , 566
856 , 566
857 , 566
858 , 566
859 , 566
860 , 566
862 , 565
863 , 565
864 , 565
865 , 565
866 , 565
867 , 565
868 , 566
869 , 565
871 , 565
872 , 565
873 , 565
874 , 565
875 , 565
876 , 565
877 , 565
879 , 565
880 , 565
881 , 565
882 , 565
883 , 565
884 , 565
886 , 565
887 , 565
888 , 565
889 , 565
890 , 565
891 , 565
892 , 565
894 , 565
895 , 565
896 , 565
897 , 565
898 , 565
899 , 565
900 , 565
902 , 565
903 , 565
904 , 565
905 , 565
906 , 564
907 , 565
908 , 565
910 , 564
911 , 565
912 , 564
913 , 565
914 , 564
915 , 564
916 , 565
918 , 564
919 , 564
920 , 564
921 , 565
922 , 564
923 , 564
924 , 564
926 , 564
927 , 564
928 , 564
929 , 564
930 , 564
931 , 564
932 , 564
934 , 565
935 , 564
936 , 564
937 , 564
938 , 564
939 , 564
940 , 564
942 , 564
943 , 564
944 , 564
945 , 564
946 , 564
947 , 564
948 , 564
950 , 564
951 , 564
952 , 564
953 , 563
954 , 564
955 , 564
956 , 564
958 , 563
959 , 563
960 , 564
961 , 563
962 , 564
963 , 563
965 , 563
966 , 563
967 , 563
968 , 563
969 , 563
970 , 563
971 , 563
973 , 563
974 , 563
975 , 563
976 , 563
977 , 563
978 , 563
979 , 563
980 , 563
982 , 563
983 , 564
984 , 563
985 , 563
986 , 563
987 , 563
988 , 563
990 , 563
991 , 563
992 , 563
993 , 563
994 , 563
995 , 563
996 , 563
998 , 563
999 , 563
1000 , 563
1001 , 563
1002 , 563
1004 , 562
1005 , 563
1006 , 563
1007 , 563
1009 , 562
1010 , 563
1011 , 562
1012 , 562
1014 , 562
1015 , 562
1016 , 563
1017 , 563
1019 , 562
1020 , 562
1021 , 562
1022 , 562
1024 , 562
1025 , 562
1026 , 562
1027 , 562
1029 , 562
1030 , 562
1031 , 562
1032 , 562
1034 , 562
1035 , 562
1036 , 562
1037 , 562
1039 , 562
1040 , 562
1041 , 562
1042 , 562
1044 , 562
1045 , 562
1046 , 562
1047 , 562
1049 , 562
1050 , 561
1051 , 562
1052 , 562
1054 , 562
1055 , 562
1056 , 562
1057 , 562
1059 , 562
1060 , 562
1061 , 561
1062 , 562
1064 , 561
1065 , 562
1066 , 561
1067 , 561
1069 , 561
1070 , 562
1071 , 561
1072 , 561
1074 , 561
1075 , 561
1076 , 561
1077 , 561
1079 , 561
1080 , 561
1081 , 561
1082 , 561
1084 , 561
1085 , 561
1086 , 561
1087 , 561
1089 , 561
1090 , 561
1091 , 562
1092 , 561
1094 , 561
1095 , 561
1096 , 561
1097 , 561
1099 , 561
1100 , 561
1101 , 561
1102 , 561
1103 , 561
1105 , 561
1106 , 561
1107 , 561
1108 , 561
1110 , 560
1111 , 561
1112 , 561
1114 , 561
1115 , 561
1116 , 561
1117 , 561
1119 , 560
1120 , 561
1121 , 561
1122 , 561
1123 , 560
1125 , 561
1126 , 560
1127 , 560
1128 , 560
1130 , 560
1131 , 560
1132 , 560
1133 , 560
1135 , 560
1136 , 560
1137 , 560
1138 , 560
1140 , 560
1141 , 560
1142 , 560
1143 , 560
1145 , 560
1146 , 560
1147 , 560
1148 , 560
1150 , 560
1151 , 560
1152 , 560
1153 , 560
1155 , 560
1156 , 560
1157 , 560
1158 , 559
1160 , 560
1161 , 560
1162 , 560
1163 , 560
1165 , 560
1166 , 560
1167 , 560
1168 , 560
1170 , 560
1171 , 560
1172 , 559
1173 , 560
1175 , 559
1176 , 559
1177 , 559
1178 , 560
1180 , 560
1181 , 560
1182 , 560
1183 , 559
1185 , 560
1186 , 559
1187 , 559
1188 , 559
1190 , 560
1191 , 559
1192 , 559
1193 , 559
1195 , 559
1196 , 559
1197 , 559
1198 , 559
1200 , 559
1201 , 559
1202 , 559
1203 , 559
1205 , 559
1206 , 559
1207 , 559
1208 , 559
1210 , 559
1211 , 559
1212 , 559
1213 , 559
1215 , 559
1216 , 559
1217 , 559
1218 , 559
1220 , 559
1221 , 559
1222 , 559
1223 , 559
1225 , 559
1226 , 559
1227 , 559
1228 , 559
1230 , 558
1231 , 559
1232 , 558
1233 , 558
1235 , 558
1236 , 558
1237 , 558
1238 , 558
1240 , 558
1241 , 558
1242 , 558
1243 , 558
1245 , 558
1246 , 558
1247 , 558
1248 , 558
1249 , 558
1251 , 558
1252 , 558
1253 , 558
1255 , 558
1256 , 558
1257 , 558
1258 , 558
1260 , 558
1261 , 558
1262 , 558
1263 , 558
1265 , 558
1266 , 558
1267 , 558
1268 , 558
1269 , 558
1271 , 558
1272 , 558
1273 , 558
1274 , 558
1276 , 558
1277 , 558
1278 , 558
1280 , 558
1281 , 558
1282 , 557
1283 , 558
1285 , 558
1286 , 558
1287 , 557
1288 , 557
1289 , 558
1291 , 557
1292 , 557
1293 , 558
1294 , 557
1296 , 557
1297 , 558
1298 , 558
1299 , 557
1301 , 557
1302 , 557
1303 , 558
1304 , 557
1306 , 557
1307 , 557
1308 , 557
1309 , 557
1311 , 557
1312 , 557
1313 , 557
1314 , 557
1316 , 557
1317 , 557
1318 , 557
1319 , 557
1321 , 557
1322 , 557
1323 , 557
1324 , 557
1326 , 557
1327 , 557
1328 , 557
1329 , 557
1331 , 557
1332 , 557
1333 , 557
1334 , 557
1336 , 557
1337 , 557
1338 , 557
1339 , 557
1341 , 557
1342 , 557
1343 , 557
1344 , 557
1346 , 557
1347 , 556
1348 , 557
1349 , 557
1351 , 556
1352 , 556
1353 , 557
1354 , 556
1356 , 556
1357 , 556
1358 , 556
1359 , 557
1361 , 557
1362 , 556
1363 , 556
1364 , 556
1366 , 556
1367 , 556
1368 , 556
1369 , 556
1371 , 556
1372 , 556
1373 , 556
1374 , 556
1376 , 556
1377 , 556
1378 , 556
1379 , 556
1381 , 556
1382 , 556
1383 , 556
1384 , 556
1386 , 556
1387 , 556
1388 , 556
1389 , 556
1391 , 556
1392 , 556
1393 , 556
1394 , 556
1396 , 556
1397 , 556
1398 , 556
1399 , 556
1401 , 556
1402 , 555
1403 , 556
1404 , 555
1406 , 556
1407 , 556
1408 , 555
1409 , 556
1411 , 555
1412 , 555
1413 , 555
1414 , 555
1415 , 555
1417 , 555
1418 , 556
1419 , 555
1421 , 555
1422 , 555
1423 , 555
1424 , 555
1426 , 555
1427 , 555
1428 , 555
1429 , 555
1431 , 555
1432 , 555
1433 , 555
1434 , 555
1435 , 555
1437 , 555
1438 , 555
1439 , 555
1440 , 555
1442 , 555
1443 , 555
1444 , 555
1445 , 555
1447 , 555
1448 , 555
1449 , 555
1451 , 555
1452 , 555
1453 , 555
1454 , 555
1455 , 555
1457 , 555
1458 , 555
1459 , 555
1460 , 555
1462 , 555
1463 , 555
1464 , 555
1465 , 555
1467 , 555
1468 , 554
1469 , 555
1470 , 555
1472 , 554
1473 , 555
1474 , 555
1475 , 554
1477 , 554
1478 , 554
1479 , 554
1480 , 555
1482 , 554
1483 , 554
1484 , 554
1485 , 554
1487 , 555
1488 , 554
1489 , 554
1490 , 554
1492 , 554
1493 , 554
1494 , 554
1495 , 554
1497 , 554
1498 , 554
1499 , 554
1500 , 554
1502 , 554
1503 , 554
1504 , 554
1505 , 554
1507 , 554
1508 , 554
1509 , 554
1510 , 554
1512 , 553
1513 , 554
1514 , 554
1515 , 554
1517 , 554
1518 , 554
1519 , 554
1520 , 554
1522 , 554
1523 , 554
1524 , 554
1525 , 554
1527 , 554
1528 , 554
1529 , 554
1530 , 554
1532 , 554
1533 , 554
1534 , 554
1535 , 554
1537 , 554
1538 , 554
1539 , 554
1540 , 554
1542 , 554
1543 , 554
1544 , 553
1545 , 553
1547 , 554
1548 , 553
1549 , 554
1550 , 554
1552 , 553
1553 , 554
1554 , 553
1555 , 554
1556 , 553
1558 , 553
1559 , 553
1560 , 553
1562 , 553
1563 , 553
1564 , 553
1565 , 553
1567 , 553
1568 , 553
1569 , 553
1570 , 553
1572 , 553
1573 , 553
1574 , 553
1575 , 553
1576 , 553
1578 , 553
1579 , 553
1580 , 553
1581 , 553
1583 , 553
1584 , 553
1585 , 553
1586 , 553
1588 , 553
1589 , 553
1590 , 553
1592 , 553
1593 , 553
1594 , 553
1595 , 553
1596 , 553
1598 , 553
1599 , 553
1600 , 553
1601 , 553
1603 , 553
1604 , 553
1605 , 553
1606 , 553
1608 , 553
1609 , 553
1610 , 552
1611 , 553
1613 , 553
1614 , 553
1615 , 553
1616 , 553
1618 , 553
1619 , 553
1620 , 552
1621 , 553
1623 , 553
1624 , 552
1625 , 552
1626 , 553
1628 , 552
1629 , 553
1630 , 552
1631 , 552
1633 , 552
1634 , 553
1635 , 552
1636 , 552
1638 , 552
1639 , 552
1640 , 552
1641 , 552
1643 , 552
1644 , 552
1645 , 552
1646 , 552
1648 , 552
1649 , 552
1650 , 552
1651 , 552
1653 , 552
1654 , 552
1655 , 552
1656 , 552
1658 , 552
1659 , 552
1660 , 552
1661 , 552
1663 , 552
1664 , 552
1665 , 552
1666 , 552
1668 , 552
1669 , 552
1670 , 552
1671 , 552
1673 , 552
1674 , 552
1675 , 552
1676 , 552
1678 , 552
1679 , 552
1680 , 552
1681 , 552
1683 , 552
1684 , 552
1685 , 552
1686 , 552
1688 , 552
1689 , 552
1690 , 552
1691 , 552
1693 , 552
1694 , 552
1695 , 552
1696 , 552
1698 , 552
1699 , 552
1700 , 552
1701 , 552
1703 , 552
1704 , 552
1705 , 551
1706 , 551
1708 , 552
1709 , 552
1710 , 551
1711 , 551
1713 , 551
1714 , 551
1715 , 551
1716 , 552
1718 , 551
1719 , 551
1720 , 551
1721 , 551
1722 , 551
1724 , 551
1725 , 551
1726 , 551
1728 , 551
1729 , 551
1730 , 551
1731 , 551
1733 , 551
1734 , 551
1735 , 551
1736 , 551
1738 , 551
1739 , 551
1740 , 551
1741 , 551
1742 , 551
1744 , 551
1745 , 551
1746 , 551
1747 , 551
1749 , 551
1750 , 551
1751 , 551
1752 , 551
1754 , 551
1755 , 551
1756 , 551
1758 , 551
1759 , 551
1760 , 551
1761 , 551
1762 , 551
1764 , 551
1765 , 551
1766 , 551
1767 , 551
1769 , 551
1770 , 551
1771 , 550
1772 , 551
1774 , 551
1775 , 551
1776 , 551
1777 , 551
1779 , 551
1780 , 551
1781 , 551
1782 , 551
1784 , 551
1785 , 551
1786 , 551
1787 , 551
1789 , 551
1790 , 551
1791 , 550
1792 , 551
1794 , 551
1795 , 551
1796 , 551
1797 , 550
1799 , 551
1800 , 551
1801 , 551
1802 , 550
1804 , 550
1805 , 550
1806 , 551
1807 , 550
1809 , 551
1810 , 550
1811 , 550
1812 , 550
1814 , 550
1815 , 550
1816 , 550
1817 , 550
1819 , 551
1820 , 550
1821 , 550
1822 , 550
1824 , 550
1825 , 550
1826 , 550
1827 , 550
1829 , 550
1830 , 550
1831 , 550
1832 , 550
1834 , 550
1835 , 550
1836 , 550
1837 , 550
1839 , 550
1840 , 550
1841 , 550
1842 , 550
1844 , 550
1845 , 550
1846 , 550
1847 , 550
1849 , 550
1850 , 550
1851 , 550
1852 , 550
1854 , 550
1855 , 550
1856 , 550
1857 , 550
1859 , 550
1860 , 550
1861 , 550
1862 , 550
1864 , 550
1865 , 550
1866 , 550
1867 , 550
1869 , 550
1870 , 550
1871 , 550
1872 , 550
1874 , 550
1875 , 550
1876 , 550
1877 , 550
1879 , 550
1880 , 550
1881 , 550
1882 , 550
1884 , 550
1885 , 550
1886 , 550
1887 , 550
1888 , 550
1890 , 550
1891 , 550
1892 , 550
1893 , 550
1895 , 550
1896 , 550
1897 , 549
1899 , 550
1900 , 549
1901 , 550
1902 , 549
1904 , 549
1905 , 550
1906 , 550
1907 , 549
1908 , 550
1910 , 549
1911 , 550
1912 , 550
1913 , 550
1915 , 549
1916 , 549
1917 , 549
1918 , 549
1920 , 549
1921 , 549
1922 , 549
1923 , 549
1925 , 549
1926 , 549
1927 , 549
1928 , 550
1930 , 550
1931 , 549
1932 , 550
1933 , 549
1935 , 549
1936 , 550
1937 , 549
1938 , 549
1940 , 549
1941 , 549
1942 , 549
1943 , 549
1945 , 549
1946 , 549
1947 , 549
1948 , 549
1950 , 549
1951 , 549
1952 , 549
1953 , 549
1955 , 549
1956 , 549
1957 , 549
1958 , 549
1960 , 549
1961 , 549
1962 , 549
1963 , 549
1965 , 549
1966 , 549
1967 , 549
1968 , 549
1970 , 549
1971 , 549
1972 , 549
1973 , 549
1975 , 549
1976 , 549
1977 , 549
1978 , 548
1980 , 549
1981 , 548
1982 , 548
1983 , 549
1985 , 549
1986 , 549
1987 , 549
1988 , 549
1990 , 549
1991 , 549
1992 , 549
1993 , 549
1995 , 549
1996 , 549
1997 , 549
1998 , 549
2000 , 549
2001 , 549
2002 , 549
2003 , 549
2005 , 548
2006 , 549
2007 , 549
2008 , 548
2010 , 548
2011 , 548
2012 , 548
2013 , 548
2015 , 548
2016 , 548
2017 , 548
2018 , 549
2020 , 548
2021 , 548
2022 , 549
2023 , 549
2025 , 549
2026 , 548
2027 , 548
2028 , 548
2030 , 548
2031 , 548
2032 , 548
2033 , 548
2034 , 548
2036 , 548
2037 , 549
2038 , 549
2040 , 548
2041 , 548
2042 , 548
2043 , 548
2045 , 548
2046 , 548
2047 , 548
2048 , 548
2050 , 548
2051 , 548
2052 , 548
2053 , 548
2054 , 548
2056 , 548
2057 , 548
2058 , 548
2059 , 548
2061 , 548
2062 , 548
2063 , 548
2064 , 548
2066 , 548
2067 , 548
2068 , 548
2070 , 548
2071 , 548
2072 , 548
2073 , 548
2074 , 548
2076 , 548
2077 , 548
2078 , 548
2079 , 548
2081 , 548
2082 , 548
2083 , 548
2084 , 548
2086 , 548
2087 , 547
2088 , 548
2089 , 548
2091 , 548
2092 , 548
2093 , 548
2094 , 548
2096 , 548
2097 , 548
2098 , 548
2099 , 548
2101 , 548
2102 , 548
2103 , 548
2104 , 548
2106 , 548
2107 , 548
2108 , 548
2109 , 548
2111 , 548
2112 , 548
2113 , 548
2114 , 548
2116 , 548
2117 , 548
2118 , 548
2119 , 547
2121 , 547
2122 , 547
2123 , 548
2124 , 548
2126 , 547
2127 , 548
2128 , 547
2129 , 548
2131 , 547
2132 , 547
2133 , 548
2134 , 548
2136 , 547
2137 , 547
2138 , 547
2139 , 547
2141 , 547
2142 , 548
2143 , 547
2144 , 547
2146 , 547
2147 , 547
2148 , 547
2149 , 547
2151 , 547
2152 , 547
2153 , 547
2154 , 547
2156 , 547
2157 , 548
2158 , 547
2159 , 547
2161 , 547
2162 , 547
2163 , 547
2164 , 547
2166 , 547
2167 , 547
2168 , 547
2169 , 547
2171 , 547
2172 , 547
2173 , 547
2174 , 547
2176 , 547
2177 , 547
2178 , 547
2179 , 547
2181 , 547
2182 , 547
2183 , 547
2184 , 547
2186 , 547
2187 , 547
2188 , 547
2189 , 547
2191 , 547
2192 , 547
2193 , 547
2194 , 547
2195 , 547
2197 , 547
2198 , 547
2199 , 547
2200 , 547
2202 , 547
2203 , 547
2204 , 547
2206 , 547
2207 , 547
2208 , 547
2209 , 547
2211 , 546
2212 , 547
2213 , 547
2214 , 547
2215 , 547
2217 , 547
2218 , 547
2219 , 547
2220 , 547
2222 , 547
2223 , 547
2224 , 547
2225 , 547
2227 , 547
2228 , 547
2229 , 547
2230 , 547
2232 , 547
2233 , 547
2234 , 547
2235 , 547
2237 , 547
2238 , 546
2239 , 546
2240 , 546
2242 , 547
2243 , 547
2244 , 547
2245 , 547
2247 , 546
2248 , 547
2249 , 547
2250 , 547
2252 , 546
2253 , 546
2254 , 546
2255 , 546
2257 , 546
2258 , 546
2259 , 546
2260 , 546
2262 , 547
2263 , 546
2264 , 546
2265 , 546
2267 , 546
2268 , 546
2269 , 547
2270 , 546
2272 , 546
2273 , 546
2274 , 546
2275 , 546
2277 , 547
2278 , 546
2279 , 546
2280 , 546
2282 , 546
2283 , 546
2284 , 546
2285 , 546
2287 , 546
2288 , 547
2289 , 546
2290 , 546
2292 , 547
2293 , 546
2294 , 546
2295 , 546
2297 , 546
2298 , 547
2299 , 546
2300 , 546
2302 , 546
2303 , 546
2304 , 546
2305 , 546
2307 , 546
2308 , 546
2309 , 546
2310 , 546
2312 , 546
2313 , 546
2314 , 546
2315 , 546
2317 , 546
2318 , 546
2319 , 546
2320 , 546
2322 , 546
2323 , 546
2324 , 546
2325 , 546
2327 , 546
2328 , 546
2329 , 546
2330 , 546
2332 , 546
2333 , 546
2334 , 546
2335 , 546
2337 , 546
2338 , 546
2339 , 546
2340 , 546
2341 , 546
2343 , 546
2344 , 546
2345 , 546
2347 , 546
2348 , 546
2349 , 546
2350 , 546
2352 , 546
2353 , 546
2354 , 546
2355 , 546
2357 , 546
2358 , 546
2359 , 546
2360 , 546
2361 , 546
2363 , 546
2364 , 546
2365 , 546
2366 , 546
2368 , 546
2369 , 546
2370 , 546
2371 , 546
2373 , 546
2374 , 546
2375 , 546
2377 , 546
2378 , 546
2379 , 546
2380 , 546
2381 , 546
2383 , 546
2384 , 546
2385 , 546
2386 , 546
2388 , 546
2389 , 546
2390 , 546
2391 , 546
2393 , 545
2394 , 546
2395 , 546
2396 , 546
2398 , 546
2399 , 546
2400 , 546
2401 , 546
2403 , 546
2404 , 546
2405 , 546
2406 , 546
2408 , 546
2409 , 546
2410 , 546
2411 , 545
2413 , 546
2414 , 546
2415 , 546
2416 , 545
2418 , 546
2419 , 545
2420 , 546
2421 , 545
2423 , 545
2424 , 546
2425 , 546
2426 , 546
2428 , 546
2429 , 545
2430 , 546
2431 , 545
2433 , 545
2434 , 545
2435 , 545
2436 , 545
2438 , 545
2439 , 545
2440 , 546
2441 , 545
2443 , 545
2444 , 546
2445 , 545
2446 , 546
2448 , 545
2449 , 545
2450 , 546
2451 , 546
2453 , 546
2454 , 545
2455 , 545
2456 , 545
2458 , 545
2459 , 545
2460 , 545
2461 , 546
2463 , 545
2464 , 545
2465 , 545
2466 , 545
2468 , 545
2469 , 545
2470 , 545
2471 , 545
2473 , 545
2474 , 546
2475 , 545
2476 , 545
2478 , 545
2479 , 545
2480 , 545
2481 , 545
2483 , 545
2484 , 545
2485 , 545
2486 , 545
2488 , 545
2489 , 545
2490 , 545
2491 , 545
2493 , 545
2494 , 546
2495 , 545
2496 , 545
2498 , 545
2499 , 545
2500 , 545
2501 , 545
2503 , 545
2504 , 545
2505 , 545
2506 , 545
2507 , 545
2509 , 545
2510 , 545
2511 , 545
2512 , 545
2514 , 545
2515 , 545
2516 , 545
2518 , 545
2519 , 545
2520 , 545
2521 , 545
2523 , 545
2524 , 545
2525 , 545
2526 , 545
2527 , 545
2529 , 545
2530 , 545
2531 , 545
2532 , 545
2534 , 545
2535 , 545
2536 , 545
2537 , 545
2539 , 545
2540 , 545
2541 , 545
2543 , 545
2544 , 545
2545 , 545
2546 , 545
2547 , 545
2549 , 545
2550 , 545
2551 , 545
2552 , 545
2554 , 545
2555 , 545
2556 , 545
2557 , 545
2559 , 545
2560 , 545
2561 , 544
2562 , 545
2564 , 545
2565 , 545
2566 , 545
2567 , 545
2569 , 545
2570 , 545
2571 , 545
2572 , 545
2574 , 545
2575 , 544
2576 , 544
2577 , 545
2579 , 544
2580 , 544
2581 , 545
2582 , 545
2584 , 544
2585 , 545
2586 , 545
2587 , 545
2589 , 544
2590 , 544
2591 , 544
2592 , 544
2594 , 544
2595 , 544
2596 , 545
2597 , 544
2599 , 545
2600 , 545
2601 , 544
2602 , 544
2604 , 544
2605 , 544
2606 , 545
2607 , 544
2609 , 544
2610 , 544
2611 , 545
2612 , 545
2614 , 544
2615 , 544
2616 , 544
2617 , 544
2619 , 544
2620 , 544
2621 , 545
2622 , 544
2624 , 544
2625 , 544
2626 , 544
2627 , 544
2629 , 544
2630 , 544
2631 , 544
2632 , 544
2634 , 544
2635 , 544
2636 , 544
2637 , 544
2639 , 544
2640 , 544
2641 , 544
2642 , 544
2644 , 544
2645 , 544
2646 , 544
2647 , 544
2649 , 544
2650 , 544
2651 , 544
2652 , 544
2654 , 545
2655 , 544
2656 , 544
2657 , 544
2659 , 544
2660 , 544
2661 , 544
2662 , 544
2664 , 544
2665 , 544
2666 , 544
2667 , 544
2669 , 544
2670 , 544
2671 , 544
2672 , 544
2673 , 544
2675 , 544
2676 , 544
2677 , 544
2678 , 544
2680 , 544
2681 , 544
2682 , 544
2684 , 544
2685 , 544
2686 , 544
2687 , 544
2689 , 544
2690 , 544
2691 , 544
2692 , 544
2693 , 544
2695 , 544
2696 , 544
2697 , 543
2698 , 544
2700 , 544
2701 , 544
2702 , 544
2703 , 544
2705 , 544
2706 , 544
2707 , 544
2708 , 544
2710 , 544
2711 , 544
2712 , 543
2713 , 544
2715 , 544
2716 , 544
2717 , 544
2718 , 544
2720 , 544
2721 , 544
2722 , 544
2723 , 544
2725 , 544
2726 , 544
2727 , 544
2728 , 543
2730 , 543
2731 , 544
2732 , 544
2733 , 544
2735 , 543
2736 , 543
2737 , 544
2738 , 544
2740 , 543
2741 , 543
2742 , 543
2743 , 543
2745 , 543
2746 , 543
2747 , 543
2748 , 543
2750 , 543
2751 , 543
2752 , 544
2753 , 543
2755 , 544
2756 , 544
2757 , 543
2758 , 544
2760 , 543
2761 , 543
2762 , 543
2763 , 543
2765 , 543
2766 , 544
2767 , 543
2768 , 543
2770 , 543
2771 , 544
2772 , 543
2773 , 544
2775 , 543
2776 , 543
2777 , 543
2778 , 543
2780 , 544
2781 , 544
2782 , 543
2783 , 543
2785 , 543
2786 , 543
2787 , 544
2788 , 543
2790 , 543
2791 , 543
2792 , 543
2793 , 543
2795 , 543
2796 , 543
2797 , 543
2798 , 543
2800 , 543
2801 , 543
2802 , 543
2803 , 543
2805 , 543
2806 , 543
2807 , 543
2808 , 543
2810 , 543
2811 , 543
2812 , 543
2813 , 543
2814 , 543
2816 , 543
2817 , 543
2818 , 543
2819 , 543
2821 , 543
2822 , 543
2823 , 543
2825 , 543
2826 , 543
2827 , 543
2828 , 543
2830 , 543
2831 , 543
2832 , 543
2833 , 543
2834 , 543
2836 , 543
2837 , 543
2838 , 543
2839 , 543
2841 , 543
2842 , 543
2843 , 543
2844 , 543
2846 , 543
2847 , 543
2848 , 543
2849 , 543
2851 , 543
2852 , 543
2853 , 543
2854 , 543
2856 , 543
2857 , 543
2858 , 543
2859 , 543
2861 , 543
2862 , 543
2863 , 543
2864 , 543
2866 , 543
2867 , 543
2868 , 543
2869 , 543
2871 , 543
2872 , 543
2873 , 543
2874 , 543
2876 , 543
2877 , 543
2878 , 543
2879 , 543
2881 , 543
2882 , 543
2883 , 543
2884 , 543
2886 , 543
2887 , 543
2888 , 542
2889 , 542
2891 , 543
2892 , 543
2893 , 543
2894 , 543
2896 , 542
2897 , 543
2898 , 543
2899 , 543
2901 , 543
2902 , 543
2903 , 543
2904 , 543
2906 , 542
2907 , 543
2908 , 542
2909 , 543
2911 , 542
2912 , 542
2913 , 542
2914 , 542
2916 , 543
2917 , 542
2918 , 542
2919 , 542
2921 , 542
2922 , 542
2923 , 543
2924 , 542
2926 , 542
2927 , 542
2928 , 542
2929 , 542
2931 , 543
2932 , 543
2933 , 542
2934 , 542
2936 , 542
2937 , 542
2938 , 542
2939 , 542
2941 , 542
2942 , 542
2943 , 542
2944 , 542
2946 , 542
2947 , 542
2948 , 542
2949 , 542
2951 , 542
2952 , 542
2953 , 542
2954 , 542
2956 , 542
2957 , 542
2958 , 543
2959 , 542
2960 , 542
2962 , 542
2963 , 542
2964 , 542
2966 , 542
2967 , 542
2968 , 542
2969 , 542
2971 , 542
2972 , 542
2973 , 542
2974 , 542
2976 , 542
2977 , 542
2978 , 542
2979 , 542
2980 , 542
2982 , 542
2983 , 542
2984 , 542
2985 , 542
2987 , 542
2988 , 542
2989 , 542
2991 , 542
2992 , 542
2993 , 542
2994 , 542
2996 , 542
2997 , 542
2998 , 542
2999 , 542
3000 , 542
3002 , 542
3003 , 542
3004 , 542
3005 , 542
3007 , 542
3008 , 542
3009 , 542
3010 , 542
3012 , 542
3013 , 542
3014 , 542
3015 , 542
3017 , 542
3018 , 541
3019 , 542
3020 , 541
3022 , 542
3023 , 541
3024 , 542
3025 , 542
3027 , 542
3028 , 542
3029 , 541
3030 , 541
3032 , 541
3033 , 542
3034 , 541
3035 , 542
3037 , 541
3038 , 541
3039 , 541
3040 , 541
3042 , 542
3043 , 541
3044 , 541
3045 , 541
3047 , 542
3048 , 541
3049 , 541
3050 , 541
3052 , 541
3053 , 542
3054 , 542
3055 , 541
3057 , 541
3058 , 541
3059 , 541
3060 , 541
3062 , 541
3063 , 541
3064 , 541
3065 , 541
3067 , 542
3068 , 541
3069 , 541
3070 , 541
3072 , 541
3073 , 541
3074 , 541
3075 , 541
3077 , 541
3078 , 541
3079 , 541
3080 , 541
3082 , 541
3083 , 541
3084 , 541
3085 , 541
3087 , 541
3088 , 541
3089 , 541
3090 , 541
3092 , 541
3093 , 541
3094 , 541
3095 , 541
3097 , 542
3098 , 541
3099 , 541
3100 , 541
3102 , 541
3103 , 541
3104 , 541
3105 , 541
3107 , 541
3108 , 541
3109 , 541
3110 , 541
3112 , 541
3113 , 541
3114 , 541
3115 , 541
3117 , 541
3118 , 541
3119 , 541
3120 , 541
3122 , 541
3123 , 541
3124 , 541
3125 , 541
3126 , 541
3128 , 541
3129 , 541
3130 , 541
3132 , 541
3133 , 541
3134 , 541
3135 , 541
3137 , 541
3138 , 541
3139 , 541
3140 , 541
3142 , 541
3143 , 541
3144 , 541
3145 , 541
3146 , 541
3148 , 541
3149 , 540
3150 , 541
3151 , 541
3153 , 541
3154 , 541
3155 , 541
3156 , 541
3158 , 541
3159 , 541
3160 , 541
3162 , 541
3163 , 541
3164 , 541
3165 , 541
3166 , 541
3168 , 541
3169 , 541
3170 , 541
3171 , 541
3173 , 540
3174 , 541
3175 , 541
3176 , 541
3178 , 541
3179 , 541
3180 , 541
3181 , 541
3183 , 541
3184 , 541
3185 , 541
3186 , 541
3188 , 541
3189 , 541
3190 , 541
3191 , 540
3193 , 541
3194 , 541
3195 , 541
3196 , 540
3198 , 540
3199 , 541
3200 , 541
3201 , 541
3203 , 541
3204 , 541
3205 , 541
3206 , 541
3208 , 540
3209 , 540
3210 , 540
3211 , 541
3213 , 541
3214 , 541
3215 , 540
3216 , 541
3218 , 540
3219 , 540
3220 , 540
3221 , 540
3223 , 540
3224 , 540
3225 , 540
3226 , 541
3228 , 540
3229 , 540
3230 , 540
3231 , 540
3233 , 540
3234 , 540
3235 , 540
3236 , 540
3238 , 541
3239 , 540
3240 , 540
3241 , 540
3243 , 540
3244 , 540
3245 , 541
3246 , 541
3248 , 540
3249 , 540
3250 , 541
3251 , 540
3253 , 540
3254 , 540
3255 , 540
3256 , 540
3258 , 540
3259 , 540
3260 , 540
3261 , 540
3263 , 540
3264 , 540
3265 , 540
3266 , 540
3268 , 540
3269 , 540
3270 , 540
3271 , 541
3273 , 540
3274 , 540
3275 , 540
3276 , 540
3278 , 540
3279 , 540
3280 , 540
3281 , 540
3283 , 540
3284 , 540
3285 , 540
3286 , 541
3288 , 540
3289 , 540
3290 , 540
3291 , 540
3292 , 540
3294 , 540
3295 , 540
3296 , 540
3297 , 540
3299 , 540
3300 , 540
3301 , 540
3303 , 540
3304 , 540
3305 , 540
3306 , 540
3308 , 540
3309 , 540
3310 , 540
3311 , 540
3312 , 540
3314 , 540
3315 , 540
3316 , 540
3317 , 540
3319 , 540
3320 , 540
3321 , 540
3322 , 540
3324 , 540
3325 , 540
3326 , 540
3328 , 540
3329 , 540
3330 , 540
3331 , 540
3332 , 540
3334 , 540
3335 , 540
3336 , 540
3337 , 540
3339 , 540
3340 , 540
3341 , 540
3342 , 540
3344 , 540
3345 , 540
3346 , 540
3347 , 540
3349 , 540
3350 , 540
3351 , 540
3352 , 540
3354 , 540
3355 , 540
3356 , 540
3357 , 539
3359 , 540
3360 , 540
3361 , 540
3362 , 540
3364 , 539
3365 , 540
3366 , 539
3367 , 540
3369 , 540
3370 , 540
3371 , 539
3372 , 540
3374 , 539
3375 , 539
3376 , 539
3377 , 540
3379 , 540
3380 , 539
3381 , 539
3382 , 540
3384 , 540
3385 , 539
3386 , 539
3387 , 539
3389 , 539
3390 , 540
3391 , 540
3392 , 539
3394 , 540
3395 , 540
3396 , 540
3397 , 539
3399 , 540
3400 , 539
3401 , 539
3402 , 539
3404 , 539
3405 , 539
3406 , 539
3407 , 539
3409 , 539
3410 , 539
3411 , 539
3412 , 539
3414 , 539
3415 , 539
3416 , 540
3417 , 539
3419 , 539
3420 , 539
3421 , 539
3422 , 539
3424 , 539
3425 , 539
3426 , 539
3427 , 539
3429 , 539
3430 , 539
3431 , 539
3432 , 540
3433 , 539
3435 , 539
3436 , 539
3437 , 539
3439 , 539
3440 , 539
3441 , 539
3442 , 539
3444 , 539
3445 , 539
3446 , 539
3447 , 539
3449 , 539
3450 , 539
3451 , 539
3452 , 539
3453 , 539
3455 , 539
3456 , 539
3457 , 539
3458 , 539
3460 , 539
3461 , 539
3462 , 539
3463 , 539
3465 , 539
3466 , 539
3467 , 539
3469 , 539
3470 , 539
3471 , 539
3472 , 539
3473 , 539
3475 , 539
3476 , 539
3477 , 539
3478 , 539
3480 , 539
3481 , 539
3482 , 539
3483 , 539
3485 , 539
3486 , 539
3487 , 539
3488 , 539
3490 , 539
3491 , 539
3492 , 539
3493 , 539
3495 , 539
3496 , 539
3497 , 539
3498 , 539
3500 , 539
3501 , 539
3502 , 539
3503 , 539
3505 , 539
3506 , 539
3507 , 539
3508 , 539
3510 , 538
3511 , 539
3512 , 539
3513 , 539
3515 , 539
3516 , 539
3517 , 539
3518 , 539
3520 , 538
3521 , 539
3522 , 539
3523 , 539
3525 , 539
3526 , 539
3527 , 538
3528 , 538
3530 , 539
3531 , 538
3532 , 539
3533 , 539
3535 , 539
3536 , 538
3537 , 539
3538 , 539
3540 , 539
3541 , 538
3542 , 538
3543 , 538
3545 , 538
3546 , 538
3547 , 539
3548 , 539
3550 , 538
3551 , 539
3552 , 538
3553 , 538
3555 , 539
3556 , 538
3557 , 538
3558 , 538
3560 , 539
3561 , 539
3562 , 538
3563 , 538
3565 , 539
3566 , 538
3567 , 538
3568 , 538
3570 , 539
3571 , 538
3572 , 538
3573 , 538
3575 , 538
3576 , 539
3577 , 539
3578 , 538
3580 , 539
3581 , 538
3582 , 538
3583 , 538
3585 , 538
3586 , 539
3587 , 538
3588 , 538
3590 , 538
3591 , 538
3592 , 538
3593 , 538
3595 , 538
3596 , 538
3597 , 538
3598 , 538
3599 , 538
3601 , 538
3602 , 538
3603 , 538
3604 , 538
3606 , 538
3607 , 538
3608 , 538
3610 , 538
3611 , 538
3612 , 538
3613 , 537
3615 , 538
3616 , 538
3617 , 538
3618 , 538
3619 , 538
3621 , 538
3622 , 538
3623 , 538
3624 , 538
3626 , 538
3627 , 538
3628 , 538
3629 , 538
3631 , 538
3632 , 538
3633 , 538
3634 , 538
3636 , 538
3637 , 538
3638 , 538
3639 , 538
3641 , 538
3642 , 538
3643 , 538
3644 , 538
3646 , 538
3647 , 538
3648 , 538
3649 , 538
3651 , 538
3652 , 538
3653 , 538
3654 , 538
3656 , 538
3657 , 538
3658 , 538
3659 , 538
3661 , 538
3662 , 538
3663 , 538
3664 , 537
3666 , 538
3667 , 538
3668 , 538
3669 , 538
3671 , 537
3672 , 538
3673 , 538
3674 , 538
3676 , 538
3677 , 538
3678 , 538
3679 , 538
3681 , 538
3682 , 538
3683 , 538
3684 , 538
3686 , 538
3687 , 538
3688 , 538
3689 , 538
3691 , 537
3692 , 538
3693 , 537
3694 , 537
3696 , 538
3697 , 538
3698 , 538
3699 , 538
3701 , 538
3702 , 538
3703 , 538
3704 , 537
3706 , 537
3707 , 537
3708 , 538
3709 , 537
3711 , 537
3712 , 537
3713 , 537
3714 , 538
3716 , 537
3717 , 537
3718 , 537
3719 , 538
3721 , 537
3722 , 537
3723 , 538
3724 , 537
3726 , 538
3727 , 537
3728 , 537
3729 , 537
3731 , 538
3732 , 537
3733 , 537
3734 , 538
3736 , 537
3737 , 537
3738 , 537
3739 , 538
3741 , 537
3742 , 537
3743 , 537
3744 , 537
3745 , 537
3747 , 537
3748 , 537
3749 , 538
3751 , 537
3752 , 538
3753 , 537
3754 , 537
3756 , 537
3757 , 537
3758 , 537
3759 , 537
3761 , 537
3762 , 537
3763 , 537
3764 , 537
3765 , 537
3767 , 537
3768 , 537
3769 , 537
3770 , 537
3772 , 537
3773 , 537
3774 , 537
3776 , 537
3777 , 537
3778 , 537
3779 , 537
3781 , 537
3782 , 537
3783 , 537
3784 , 537
3785 , 537
3787 , 537
3788 , 537
3789 , 537
3790 , 537
3792 , 537
3793 , 537
3794 , 537
3795 , 537
3797 , 537
3798 , 537
3799 , 537
3800 , 537
3802 , 537
3803 , 537
3804 , 537
3805 , 537
3807 , 537
3808 , 537
3809 , 537
3810 , 537
3812 , 537
3813 , 537
3814 , 537
3815 , 537
3817 , 537
3818 , 537
3819 , 537
3820 , 537
3822 , 537
3823 , 537
3824 , 537
3825 , 537
3827 , 537
3828 , 537
3829 , 537
3830 , 537
3832 , 537
3833 , 537
3834 , 537
3835 , 537
3837 , 537
3838 , 537
3839 , 537
3840 , 537
3842 , 537
3843 , 537
3844 , 537
3845 , 537
3847 , 537
3848 , 537
3849 , 537
3850 , 536
3852 , 537
3853 , 537
3854 , 537
3855 , 537
3857 , 537
3858 , 537
3859 , 537
3860 , 537
3862 , 536
3863 , 536
3864 , 536
3865 , 536
3867 , 536
3868 , 537
3869 , 537
3870 , 537
3872 , 536
3873 , 536
3874 , 537
3875 , 536
3877 , 536
3878 , 537
3879 , 536
3880 , 536
3882 , 536
3883 , 536
3884 , 536
3885 , 536
3887 , 536
3888 , 536
3889 , 537
3890 , 537
3892 , 537
3893 , 536
3894 , 536
3895 , 537
3897 , 536
3898 , 536
3899 , 537
3900 , 536
3902 , 536
3903 , 536
3904 , 536
3905 , 536
3907 , 536
3908 , 536
3909 , 536
3910 , 536
3911 , 537
3913 , 536
3914 , 536
3915 , 536
3917 , 536
3918 , 536
3919 , 536
3920 , 536
3922 , 536
3923 , 536
3924 , 536
3925 , 536
3927 , 536
3928 , 536
3929 , 536
3930 , 536
3931 , 536
3933 , 536
3934 , 536
3935 , 536
3936 , 536
3938 , 536
3939 , 536
3940 , 536
3941 , 536
3943 , 536
3944 , 536
3945 , 536
3947 , 536
3948 , 536
3949 , 536
3950 , 536
3951 , 536
3953 , 536
3954 , 536
3955 , 536
3956 , 536
3958 , 536
3959 , 536
3960 , 536
3961 , 536
3963 , 536
3964 , 536
3965 , 536
3966 , 536
3968 , 536
3969 , 536
3970 , 536
3971 , 536
3973 , 536
3974 , 536
3975 , 536
3976 , 536
3978 , 536
3979 , 536
3980 , 536
3981 , 536
3983 , 536
3984 , 536
3985 , 536
3986 , 536
3988 , 536
3989 , 536
3990 , 536
3991 , 536
3993 , 536
3994 , 536
3995 , 536
3996 , 536
3998 , 536
3999 , 536
4000 , 536
4001 , 536
4003 , 536
4004 , 536
4005 , 536
4006 , 536
4008 , 536
4009 , 536
4010 , 536
4011 , 536
4013 , 536
4014 , 536
4015 , 536
4016 , 536
4018 , 535
4019 , 536
4020 , 536
4021 , 536
4023 , 536
4024 , 536
4025 , 536
4026 , 536
4028 , 536
4029 , 536
4030 , 536
4031 , 536
4033 , 536
4034 , 536
4035 , 536
4036 , 535
4038 , 536
4039 , 536
4040 , 536
4041 , 536
4043 , 535
4044 , 535
4045 , 536
4046 , 536
4048 , 536
4049 , 536
4050 , 535
4051 , 536
4052 , 536
4054 , 536
4055 , 536
4056 , 536
4058 , 536
4059 , 536
4060 , 536
4061 , 536
4063 , 536
4064 , 536
4065 , 535
4066 , 535
4068 , 536
4069 , 535
4070 , 536
4071 , 535
4072 , 536
4074 , 536
4075 , 535
4076 , 535
4077 , 536
4079 , 536
4080 , 536
4081 , 535
4082 , 535
4084 , 536
4085 , 536
4086 , 535
4088 , 536
4089 , 535
4090 , 535
4091 , 535
4092 , 536
4094 , 536
4095 , 535
4096 , 535
4097 , 535
4099 , 535
4100 , 535
4101 , 535
4102 , 535
4104 , 536
4105 , 536
4106 , 535
4107 , 535
4109 , 536
4110 , 535
4111 , 535
4112 , 535
4114 , 535
4115 , 535
4116 , 535
4117 , 535
4119 , 536
4120 , 535
4121 , 535
4122 , 535
4124 , 535
4125 , 535
4126 , 535
4127 , 536
4129 , 536
4130 , 535
4131 , 536
4132 , 535
4134 , 535
4135 , 535
4136 , 536
4137 , 535
4139 , 535
4140 , 536
4141 , 535
4142 , 535
4144 , 535
4145 , 535
4146 , 535
4147 , 535
4149 , 535
4150 , 535
4151 , 536
4152 , 536
4154 , 535
4155 , 535
4156 , 535
4157 , 535
4159 , 535
4160 , 535
4161 , 535
4162 , 535
4164 , 535
4165 , 535
4166 , 536
4167 , 535
4169 , 535
4170 , 535
4171 , 535
4172 , 535
4174 , 535
4175 , 535
4176 , 535
4177 , 535
4179 , 535
4180 , 535
4181 , 535
4182 , 535
4184 , 535
4185 , 535
4186 , 535
4187 , 535
4189 , 535
4190 , 535
4191 , 535
4192 , 535
4194 , 535
4195 , 535
4196 , 535
4197 , 535
4199 , 535
4200 , 535
4201 , 535
4202 , 535
4204 , 535
4205 , 535
4206 , 535
4207 , 535
4209 , 535
4210 , 535
4211 , 535
4212 , 535
4214 , 535
4215 , 535
4216 , 535
4217 , 535
4218 , 535
4220 , 535
4221 , 535
4222 , 535
4224 , 535
4225 , 535
4226 , 535
4227 , 535
4229 , 535
4230 , 535
4231 , 535
4232 , 535
4234 , 535
4235 , 535
4236 , 536
4237 , 535
4238 , 535
4240 , 535
4241 , 535
4242 , 535
4243 , 535
4245 , 535
4246 , 535
4247 , 535
4248 , 535
4250 , 535
4251 , 535
4252 , 535
4254 , 535
4255 , 535
4256 , 535
4257 , 535
4258 , 535
4260 , 535
4261 , 535
4262 , 535
4263 , 535
4265 , 535
4266 , 535
4267 , 535
4268 , 535
4270 , 535
4271 , 535
4272 , 535
4273 , 535
4275 , 535
4276 , 535
4277 , 535
4278 , 535
4280 , 535
4281 , 535
4282 , 535
4283 , 535
4285 , 535
4286 , 535
4287 , 535
4288 , 535
4290 , 535
4291 , 535
4292 , 535
4293 , 535
4295 , 535
4296 , 535
4297 , 535
4298 , 535
4300 , 535
4301 , 535
4302 , 535
4303 , 535
4305 , 535
4306 , 535
4307 , 535
4308 , 535
4310 , 535
4311 , 535
4312 , 535
4313 , 535
4315 , 535
4316 , 535
4317 , 535
4318 , 535
4320 , 534
4321 , 534
4322 , 535
4323 , 535
4325 , 535
4326 , 535
4327 , 534
4328 , 535
4330 , 535
4331 , 535
4332 , 535
4333 , 535
4335 , 535
4336 , 535
4337 , 535
4338 , 535
4340 , 535
4341 , 535
4342 , 535
4343 , 535
4345 , 535
4346 , 535
4347 , 535
4348 , 535
4350 , 535
4351 , 535
4352 , 535
4353 , 535
4355 , 535
4356 , 535
4357 , 534
4358 , 535
4360 , 535
4361 , 535
4362 , 534
4363 , 534
4365 , 535
4366 , 535
4367 , 535
4368 , 535
4370 , 534
4371 , 535
4372 , 534
4373 , 534
4375 , 534
4376 , 534
4377 , 535
4378 , 534
4380 , 534
4381 , 534
4382 , 534
4383 , 534
4384 , 534
4386 , 534
4387 , 535
4388 , 535
4389 , 534
4391 , 535
4392 , 534
4393 , 534
4395 , 534
4396 , 534
4397 , 535
4398 , 534
4400 , 534
4401 , 534
4402 , 534
4403 , 534
4404 , 534
4406 , 534
4407 , 535
4408 , 534
4409 , 535
4411 , 534
4412 , 534
4413 , 534
4414 , 534
4416 , 534
4417 , 534
4418 , 534
4419 , 534
4421 , 534
4422 , 534
4423 , 534
4424 , 534
4426 , 534
4427 , 534
4428 , 534
4429 , 534
4431 , 534
4432 , 534
4433 , 534
4434 , 534
4436 , 534
4437 , 534
4438 , 534
4439 , 534
4441 , 534
4442 , 534
4443 , 534
4444 , 534
4446 , 534
4447 , 534
4448 , 534
4449 , 534
4451 , 534
4452 , 534
4453 , 534
4454 , 534
4456 , 535
4457 , 534
4458 , 534
4459 , 534
4461 , 534
4462 , 534
4463 , 534
4464 , 534
4466 , 534
4467 , 534
4468 , 534
4469 , 534
4471 , 534
4472 , 534
4473 , 534
4474 , 534
4476 , 534
4477 , 534
4478 , 534
4479 , 534
4481 , 534
4482 , 534
4483 , 534
4484 , 534
4486 , 534
4487 , 534
4488 , 534
4489 , 534
4491 , 534
4492 , 534
4493 , 534
4494 , 534
4496 , 534
4497 , 534
4498 , 534
4499 , 534
4501 , 534
4502 , 534
4503 , 534
4504 , 534
4506 , 534
4507 , 534
4508 , 534
4509 , 534
4511 , 534
4512 , 534
4513 , 534
4514 , 534
4516 , 534
4517 , 534
4518 , 534
4519 , 534
4521 , 534
4522 , 534
4523 , 534
4524 , 534
4526 , 534
4527 , 534
4528 , 534
4529 , 533
4530 , 534
4532 , 534
4533 , 534
4534 , 534
4536 , 534
4537 , 534
4538 , 534
4539 , 534
4541 , 534
4542 , 534
4543 , 534
4544 , 534
4546 , 534
4547 , 534
4548 , 534
4549 , 534
4550 , 534
4552 , 534
4553 , 534
4554 , 534
4555 , 534
4557 , 534
4558 , 534
4559 , 534
4560 , 534
4562 , 534
4563 , 534
4564 , 534
4566 , 534
4567 , 534
4568 , 534
4569 , 534
4570 , 534
4572 , 534
4573 , 534
4574 , 534
4575 , 534
4577 , 533
4578 , 534
4579 , 534
4580 , 534
4582 , 534
4583 , 534
4584 , 534
4585 , 534
4587 , 534
4588 , 534
4589 , 534
4590 , 534
4592 , 534
4593 , 534
4594 , 534
4595 , 534
4597 , 534
4598 , 533
4599 , 534
4600 , 534
4602 , 534
4603 , 534
4604 , 534
4605 , 534
4607 , 534
4608 , 534
4609 , 534
4610 , 534
4612 , 534
4613 , 534
4614 , 534
4615 , 534
4617 , 534
4618 , 534
4619 , 534
4620 , 534
4622 , 534
4623 , 534
4624 , 534
4625 , 534
4627 , 534
4628 , 534
4629 , 534
4630 , 534
4632 , 534
4633 , 534
4634 , 534
4635 , 534
4637 , 534
4638 , 534
4639 , 534
4640 , 534
4642 , 534
4643 , 534
4644 , 534
4645 , 534
4647 , 534
4648 , 534
4649 , 534
4650 , 534
4652 , 533
4653 , 534
4654 , 534
4655 , 534
4657 , 534
4658 , 534
4659 , 534
4660 , 534
4662 , 534
4663 , 534
4664 , 534
4665 , 534
4667 , 534
4668 , 534
4669 , 534
4670 , 533
4672 , 534
4673 , 534
4674 , 533
4675 , 534
4677 , 534
4678 , 533
4679 , 534
4680 , 534
4682 , 533
4683 , 534
4684 , 534
4685 , 533
4687 , 533
4688 , 533
4689 , 534
4690 , 534
4691 , 534
4693 , 533
4694 , 534
4695 , 534
4696 , 533
4698 , 534
4699 , 533
4700 , 533
4702 , 533
4703 , 534
4704 , 533
4705 , 534
4707 , 534
4708 , 534
4709 , 533
4710 , 534
4711 , 534
4713 , 534
4714 , 533
4715 , 533
4716 , 533
4718 , 533
4719 , 533
4720 , 534
4721 , 534
4723 , 534
4724 , 533
4725 , 534
4726 , 534
4728 , 533
4729 , 533
4730 , 533
4731 , 534
4733 , 533
4734 , 534
4735 , 534
4736 , 534
4738 , 533
4739 , 533
4740 , 534
4741 , 534
4743 , 534
4744 , 534
4745 , 534
4746 , 534
4748 , 534
4749 , 533
4750 , 533
4751 , 533
4753 , 534
4754 , 533
4755 , 533
4756 , 534
4758 , 533
4759 , 534
4760 , 533
4761 , 533
4763 , 533
4764 , 533
4765 , 533
4766 , 533
4768 , 533
4769 , 533
4770 , 534
4771 , 533
4773 , 533
4774 , 533
4775 , 533
4776 , 533
4778 , 533
4779 , 533
4780 , 533
4781 , 533
4783 , 533
4784 , 533
4785 , 533
4786 , 534
4788 , 533
4789 , 533
4790 , 533
4791 , 533
4793 , 534
4794 , 533
4795 , 533
4796 , 533
4798 , 533
4799 , 533
4800 , 533
4801 , 533
4803 , 534
4804 , 533
4805 , 533
4806 , 533
4808 , 533
4809 , 534
4810 , 533
4811 , 533
4813 , 533
4814 , 534
4815 , 533
4816 , 533
4818 , 533
4819 , 533
4820 , 533
4821 , 533
4823 , 533
4824 , 534
4825 , 533
4826 , 533
4828 , 533
4829 , 533
4830 , 533
4831 , 533
4833 , 533
4834 , 533
4835 , 533
4836 , 533
4837 , 533
4839 , 533
4840 , 533
4841 , 533
4843 , 533
4844 , 533
4845 , 533
4846 , 533
4848 , 533
4849 , 533
4850 , 534
4851 , 533
4853 , 532
4854 , 533
4855 , 533
4856 , 534
4857 , 533
4859 , 533
4860 , 533
4861 , 533
4862 , 533
4864 , 533
4865 , 533
4866 , 533
4867 , 533
4869 , 533
4870 , 533
4871 , 533
4873 , 533
4874 , 533
4875 , 533
4876 , 533
4877 , 533
4879 , 533
4880 , 533
4881 , 533
4882 , 533
4884 , 533
4885 , 533
4886 , 533
4887 , 533
4889 , 533
4890 , 533
4891 , 533
4892 , 533
4894 , 533
4895 , 533
4896 , 533
4897 , 533
4899 , 533
4900 , 533
4901 , 533
4902 , 533
4904 , 533
4905 , 533
4906 , 533
4907 , 533
4909 , 533
4910 , 533
4911 , 533
4912 , 533
4914 , 533
4915 , 533
4916 , 533
4917 , 533
4919 , 533
4920 , 533
4921 , 533
4922 , 533
4924 , 533
4925 , 533
4926 , 533
4927 , 533
4929 , 533
4930 , 533
4931 , 533
4932 , 533
4934 , 533
4935 , 533
4936 , 533
4937 , 533
4939 , 533
4940 , 533
4941 , 533
4942 , 533
4944 , 533
4945 , 533
4946 , 533
4947 , 533
4949 , 533
4950 , 533
4951 , 533
4952 , 533
4954 , 533
4955 , 533
4956 , 533
4957 , 533
4959 , 533
4960 , 533
4961 , 533
4962 , 533
4964 , 533
4965 , 533
4966 , 533
4967 , 533
4969 , 533
4970 , 533
4971 , 533
4972 , 533
4974 , 533
4975 , 533
4976 , 533
4977 , 533
4979 , 533
4980 , 533
4981 , 533
4982 , 533
4984 , 533
4985 , 533
4986 , 533
4987 , 533
4989 , 533
4990 , 533
4991 , 533
4992 , 533
4994 , 533
4995 , 533
4996 , 533
4997 , 533
4999 , 533
5000 , 533
5001 , 533
5002 , 533
5003 , 533
5005 , 533
5006 , 533
5007 , 533
5008 , 533
5010 , 533
5011 , 533
5012 , 533
5014 , 533
5015 , 533
5016 , 533
5017 , 533
5019 , 533
5020 , 533
5021 , 533
5022 , 533
5023 , 533
5025 , 533
5026 , 533
5027 , 533
5028 , 533
5030 , 533
5031 , 532
5032 , 533
5033 , 533
5035 , 533
5036 , 533
5037 , 533
5039 , 533
5040 , 533
5041 , 533
5042 , 533
5043 , 533
5045 , 533
5046 , 533
5047 , 533
5048 , 533
5050 , 533
5051 , 533
5052 , 532
5053 , 533
5055 , 533
5056 , 533
5057 , 533
5058 , 533
5060 , 533
5061 , 533
5062 , 532
5063 , 533
5065 , 533
5066 , 533
5067 , 533
5068 , 533
5070 , 533
5071 , 533
5072 , 533
5073 , 533
5075 , 533
5076 , 533
5077 , 533
5078 , 533
5080 , 533
5081 , 533
5082 , 533
5083 , 533
5085 , 533
5086 , 533
5087 , 533
5088 , 533
5090 , 533
5091 , 533
5092 , 533
5093 , 533
5095 , 533
5096 , 533
5097 , 533
5098 , 533
5100 , 533
5101 , 533
5102 , 533
5103 , 533
5105 , 533
5106 , 532
5107 , 532
5108 , 533
5110 , 533
5111 , 533
5112 , 533
5113 , 533
5115 , 533
5116 , 533
5117 , 533
5118 , 533
5120 , 533
5121 , 533
5122 , 533
5123 , 533
5125 , 533
5126 , 533
5127 , 533
5128 , 533
5130 , 533
5131 , 533
5132 , 533
5133 , 533
5135 , 533
5136 , 532
5137 , 533
5138 , 533
5140 , 532
5141 , 533
5142 , 533
5143 , 533
5145 , 533
5146 , 533
5147 , 533
5148 , 533
5150 , 533
5151 , 533
5152 , 532
5153 , 533
5155 , 532
5156 , 533
5157 , 533
5158 , 532
5160 , 532
5161 , 532
5162 , 533
5163 , 533
5165 , 533
5166 , 533
5167 , 533
5168 , 533
5169 , 533
5171 , 533
5172 , 532
5173 , 533
5174 , 533
5176 , 532
5177 , 532
5178 , 532
5180 , 532
5181 , 532
5182 , 532
5183 , 532
5185 , 532
5186 , 532
5187 , 533
5188 , 533
5189 , 533
5191 , 532
5192 , 532
5193 , 533
5194 , 532
5196 , 532
5197 , 532
5198 , 533
5199 , 533
5201 , 532
5202 , 532
5203 , 533
5204 , 533
5206 , 532
5207 , 533
5208 , 532
5209 , 532
5211 , 532
5212 , 532
5213 , 532
5214 , 532
5216 , 532
5217 , 532
5218 , 532
5219 , 532
5221 , 533
5222 , 532
5223 , 532
5224 , 532
5226 , 532
5227 , 532
5228 , 532
5229 , 533
5231 , 532
5232 , 532
5233 , 532
5234 , 532
5236 , 532
5237 , 532
5238 , 532
5239 , 532
5241 , 532
5242 , 532
5243 , 532
5244 , 533
5246 , 532
5247 , 532
5248 , 532
5249 , 532
5251 , 533
5252 , 532
5253 , 532
5254 , 532
5256 , 532
5257 , 532
5258 , 532
5259 , 532
5261 , 532
5262 , 532
5263 , 533
5264 , 532
5266 , 532
5267 , 532
5268 , 532
5269 , 532
5271 , 532
5272 , 532
5273 , 532
5274 , 532
5276 , 532
5277 , 532
5278 , 532
5279 , 532
5281 , 532
5282 , 532
5283 , 532
5284 , 532
5286 , 532
5287 , 532
5288 , 532
5289 , 532
5291 , 532
5292 , 532
5293 , 532
5294 , 532
5296 , 532
5297 , 532
5298 , 532
5299 , 532
5301 , 532
5302 , 532
5303 , 532
5304 , 532
5306 , 532
5307 , 532
5308 , 532
5309 , 532
5310 , 533
5312 , 532
5313 , 532
5314 , 532
5315 , 532
5317 , 532
5318 , 532
5319 , 532
5321 , 532
5322 , 532
5323 , 532
5324 , 532
5326 , 532
5327 , 532
5328 , 532
5329 , 532
5330 , 532
5332 , 532
5333 , 532
5334 , 532
5335 , 532
5337 , 532
5338 , 532
5339 , 532
5340 , 532
5342 , 532
5343 , 532
5344 , 532
5345 , 532
5347 , 532
5348 , 532
5349 , 532
5350 , 532
5352 , 532
5353 , 532
5354 , 532
5355 , 532
5357 , 532
5358 , 532
5359 , 532
5360 , 532
5362 , 532
5363 , 532
5364 , 532
5365 , 532
5367 , 532
5368 , 532
5369 , 532
5370 , 532
5372 , 532
5373 , 532
5374 , 532
5375 , 532
5377 , 532
5378 , 532
5379 , 532
5380 , 532
5382 , 532
5383 , 532
5384 , 532
5385 , 532
5387 , 532
5388 , 532
5389 , 532
5390 , 532
5392 , 532
5393 , 532
5394 , 532
5395 , 532
5397 , 532
5398 , 532
5399 , 532
5400 , 532
5402 , 532
5403 , 532
5404 , 532
5405 , 532
5407 , 532
5408 , 532
5409 , 532
5410 , 532
5412 , 532
5413 , 532
5414 , 532
5415 , 532
5417 , 532
5418 , 532
5419 , 532
5420 , 532
5422 , 532
5423 , 532
5424 , 532
5425 , 532
5427 , 532
5428 , 532
5429 , 532
5430 , 532
5432 , 531
5433 , 532
5434 , 532
5435 , 532
5437 , 532
5438 , 532
5439 , 532
5440 , 532
5442 , 532
5443 , 532
5444 , 532
5445 , 532
5447 , 532
5448 , 531
5449 , 532
5450 , 532
5452 , 532
5453 , 531
5454 , 532
5455 , 532
5456 , 532
5458 , 532
5459 , 532
5460 , 532
5462 , 532
5463 , 532
5464 , 532
5465 , 532
5467 , 532
5468 , 532
5469 , 532
5470 , 532
5472 , 531
5473 , 532
5474 , 532
5475 , 532
5476 , 532
5478 , 532
5479 , 532
5480 , 532
5481 , 532
5483 , 532
5484 , 532
5485 , 532
5487 , 532
5488 , 532
5489 , 532
5490 , 532
5492 , 531
5493 , 532
5494 , 532
5495 , 532
5496 , 532
5498 , 532
5499 , 532
5500 , 532
5501 , 532
5503 , 532
5504 , 532
5505 , 532
5506 , 531
5508 , 531
5509 , 532
5510 , 532
5511 , 532
5513 , 531
5514 , 532
5515 , 532
5516 , 532
5518 , 532
5519 , 531
5520 , 532
5521 , 532
5523 , 531
5524 , 532
5525 , 532
5526 , 531
5528 , 532
5529 , 532
5530 , 532
5531 , 532
5533 , 532
5534 , 532
5535 , 532
5536 , 532
5538 , 532
5539 , 532
5540 , 532
5541 , 532
5543 , 532
5544 , 532
5545 , 532
5546 , 532
5548 , 532
5549 , 531
5550 , 532
5551 , 531
5553 , 532
5554 , 532
5555 , 532
5556 , 532
5558 , 531
5559 , 532
5560 , 531
5561 , 532
5563 , 532
5564 , 532
5565 , 531
5566 , 531
5568 , 531
5569 , 532
5570 , 531
5571 , 531
5573 , 532
5574 , 531
5575 , 531
5576 , 531
5578 , 532
5579 , 532
5580 , 532
5581 , 532
5583 , 531
5584 , 532
5585 , 531
5586 , 532
5588 , 531
5589 , 532
5590 , 531
5591 , 531
5593 , 531
5594 , 532
5595 , 531
5596 , 532
5598 , 531
5599 , 531
5600 , 532
5601 , 531
5603 , 531
5604 , 532
5605 , 531
5606 , 532
5608 , 532
5609 , 532
5610 , 532
5611 , 531
5613 , 532
5614 , 532
5615 , 531
5616 , 532
5618 , 531
5619 , 531
5620 , 531
5621 , 531
5622 , 531
5624 , 531
5625 , 532
5626 , 531
5628 , 531
5629 , 531
5630 , 531
5631 , 531
5633 , 531
5634 , 531
5635 , 531
5636 , 531
5638 , 531
5639 , 531
5640 , 531
5641 , 531
5642 , 531
5644 , 531
5645 , 531
5646 , 531
5647 , 531
5649 , 531
5650 , 531
5651 , 531
5652 , 531
5654 , 531
5655 , 531
5656 , 531
5658 , 531
5659 , 531
5660 , 532
5661 , 531
5662 , 531
5664 , 531
5665 , 531
5666 , 531
5667 , 531
5669 , 531
5670 , 531
5671 , 531
5672 , 531
5674 , 531
5675 , 531
5676 , 531
5677 , 531
5679 , 531
5680 , 531
5681 , 531
5682 , 531
5684 , 531
5685 , 532
5686 , 531
5687 , 531
5689 , 531
5690 , 532
5691 , 531
5692 , 531
5694 , 531
5695 , 531
5696 , 531
5697 , 531
5699 , 531
5700 , 531
5701 , 531
5702 , 531
5704 , 531
5705 , 531
5706 , 531
5707 , 531
5709 , 531
5710 , 531
5711 , 531
5712 , 531
5714 , 531
5715 , 531
5716 , 531
5717 , 531
5719 , 531
5720 , 531
5721 , 531
5722 , 531
5724 , 531
5725 , 531
5726 , 531
5727 , 531
5729 , 531
5730 , 531
5731 , 531
5732 , 531
5734 , 531
5735 , 531
5736 , 531
5737 , 531
5739 , 531
5740 , 531
5741 , 531
5742 , 531
5744 , 531
5745 , 531
5746 , 531
5747 , 531
5749 , 531
5750 , 532
5751 , 531
5752 , 531
5754 , 531
5755 , 531
5756 , 531
5757 , 531
5759 , 531
5760 , 531
5761 , 531
5762 , 531
5764 , 531
5765 , 531
5766 , 531
5767 , 531
5769 , 531
5770 , 531
5771 , 531
5772 , 531
5774 , 531
5775 , 531
5776 , 531
5777 , 531
5779 , 531
5780 , 531
5781 , 531
5782 , 531
5784 , 531
5785 , 531
5786 , 531
5787 , 531
5788 , 531
5790 , 531
5791 , 531
5792 , 531
5793 , 531
5795 , 531
5796 , 531
5797 , 531
5799 , 531
5800 , 531
5801 , 531
5802 , 531
5804 , 531
5805 , 531
5806 , 531
5807 , 531
5808 , 531
5810 , 531
5811 , 531
5812 , 531
5813 , 531
5815 , 531
5816 , 531
5817 , 531
5818 , 531
5820 , 531
5821 , 531
5822 , 531
5824 , 531
5825 , 531
5826 , 531
5827 , 531
5828 , 531
5830 , 531
5831 , 531
5832 , 531
5833 , 531
5835 , 531
5836 , 531
5837 , 531
5838 , 531
5840 , 531
5841 , 531
5842 , 531
5843 , 531
5845 , 531
5846 , 531
5847 , 531
5848 , 531
5850 , 531
5851 , 531
5852 , 531
5853 , 531
5855 , 531
5856 , 531
5857 , 531
5858 , 531
5860 , 531
5861 , 531
5862 , 531
5863 , 531
5865 , 531
5866 , 531
5867 , 531
5868 , 531
5870 , 531
5871 , 531
5872 , 531
5873 , 531
5875 , 531
5876 , 531
5877 , 531
5878 , 531
5880 , 531
5881 , 531
5882 , 531
5883 , 531
5885 , 531
5886 , 531
5887 , 531
5888 , 531
5890 , 531
5891 , 531
5892 , 531
5893 , 531
5895 , 531
5896 , 531
5897 , 531
5898 , 531
5900 , 531
5901 , 531
5902 , 531
5903 , 531
5905 , 531
5906 , 531
5907 , 530
5908 , 531
5910 , 531
5911 , 531
5912 , 531
5913 , 531
5915 , 531
5916 , 531
5917 , 531
5918 , 531
5920 , 531
5921 , 531
5922 , 531
5923 , 531
5925 , 531
5926 , 531
5927 , 531
5928 , 531
5929 , 531
5931 , 531
5932 , 531
5933 , 531
5935 , 531
5936 , 531
5937 , 531
5938 , 531
5940 , 531
5941 , 531
5942 , 531
5943 , 531
5945 , 531
5946 , 531
5947 , 531
5948 , 531
5949 , 531
5951 , 531
5952 , 531
5953 , 531
5954 , 531
5956 , 531
5957 , 531
5958 , 531
5959 , 531
5961 , 530
5962 , 531
5963 , 531
5965 , 530
5966 , 531
5967 , 531
5968 , 531
5969 , 531
5971 , 531
5972 , 531
5973 , 531
5974 , 531
5976 , 531
5977 , 531
5978 , 531
5979 , 531
5981 , 531
5982 , 531
5983 , 531
5984 , 531
5986 , 531
5987 , 531
5988 , 531
5989 , 531
5991 , 531
5992 , 531
5993 , 531
5994 , 530
5996 , 530
5997 , 531
5998 , 531
5999 , 531
6001 , 531
6002 , 531
6003 , 530
6004 , 531
6006 , 531
6007 , 530
6008 , 530
6009 , 530
6011 , 530
6012 , 530
6013 , 531
6014 , 531
6016 , 531
6017 , 531
6018 , 530
6019 , 531
6021 , 531
6022 , 530
6023 , 531
6024 , 531
6026 , 531
6027 , 531
6028 , 531
6029 , 531
6031 , 530
6032 , 531
6033 , 530
6034 , 531
6036 , 530
6037 , 530
6038 , 530
6039 , 531
6041 , 531
6042 , 531
6043 , 530
6044 , 530
6046 , 531
6047 , 530
6048 , 531
6049 , 530
6051 , 530
6052 , 531
6053 , 531
6054 , 531
6056 , 531
6057 , 530
6058 , 531
6059 , 530
6061 , 531
6062 , 530
6063 , 531
6064 , 530
6066 , 531
6067 , 531
6068 , 530
6069 , 531
6071 , 530
6072 , 530
6073 , 530
6074 , 530
6076 , 530
6077 , 531
6078 , 530
6079 , 530
6081 , 531
6082 , 531
6083 , 531
6084 , 531
6086 , 531
6087 , 531
6088 , 531
6089 , 530
6091 , 531
6092 , 531
6093 , 530
6094 , 530
6095 , 530
6097 , 530
6098 , 530
6099 , 531
6100 , 530
6102 , 530
6103 , 530
6104 , 530
6106 , 530
6107 , 530
6108 , 530
6109 , 530
6111 , 530
6112 , 530
6113 , 530
6114 , 530
6115 , 531
6117 , 530
6118 , 530
6119 , 530
6120 , 530
6122 , 531
6123 , 530
6124 , 530
6125 , 530
6127 , 531
6128 , 530
6129 , 530
6130 , 530
6132 , 530
6133 , 530
6134 , 530
6135 , 530
6137 , 530
6138 , 530
6139 , 530
6140 , 530
6142 , 531
6143 , 530
6144 , 530
6145 , 530
6147 , 530
6148 , 530
6149 , 530
6150 , 530
6152 , 531
6153 , 530
6154 , 530
6155 , 530
6157 , 530
6158 , 530
6159 , 530
6160 , 530
6162 , 530
6163 , 531
6164 , 531
6165 , 530
6167 , 530
6168 , 530
6169 , 530
6170 , 530
6172 , 530
6173 , 530
6174 , 530
6175 , 530
6177 , 530
6178 , 531
6179 , 530
6180 , 530
6182 , 530
6183 , 530
6184 , 530
6185 , 530
6187 , 530
6188 , 530
6189 , 530
6190 , 530
6192 , 530
6193 , 530
6194 , 530
6195 , 530
6197 , 530
6198 , 530
6199 , 531
6200 , 530
6202 , 530
6203 , 530
6204 , 530
6205 , 530
6207 , 530
6208 , 530
6209 , 530
6210 , 530
6212 , 530
6213 , 530
6214 , 530
6215 , 530
6217 , 530
6218 , 531
6219 , 530
6220 , 530
6222 , 530
6223 , 530
6224 , 530
6225 , 530
6227 , 530
6228 , 530
6229 , 530
6230 , 530
6232 , 530
6233 , 530
6234 , 530
6235 , 530
6237 , 530
6238 , 531
6239 , 530
6240 , 530
6241 , 530
6243 , 530
6244 , 530
6245 , 530
6247 , 530
6248 , 530
6249 , 530
6250 , 530
6252 , 530
6253 , 530
6254 , 530
6255 , 530
6257 , 530
6258 , 530
6259 , 530
6260 , 530
6261 , 530
6263 , 530
6264 , 530
6265 , 531
6266 , 530
6268 , 530
6269 , 530
6270 , 530
6272 , 530
6273 , 530
6274 , 530
6275 , 530
6277 , 530
6278 , 530
6279 , 530
6280 , 530
6281 , 530
6283 , 530
6284 , 530
6285 , 530
6286 , 530
6288 , 530
6289 , 530
6290 , 530
6291 , 530
6293 , 530
6294 , 530
6295 , 530
6296 , 530
6298 , 530
6299 , 530
6300 , 530
6301 , 530
6303 , 530
6304 , 530
6305 , 530
6306 , 530
6308 , 530
6309 , 530
6310 , 530
6311 , 530
6313 , 530
6314 , 530
6315 , 530
6316 , 530
6318 , 530
6319 , 530
6320 , 530
6321 , 530
6323 , 530
6324 , 530
6325 , 530
6326 , 530
6328 , 530
6329 , 530
6330 , 530
6331 , 530
6333 , 530
6334 , 530
6335 , 530
6336 , 530
6338 , 530
6339 , 530
6340 , 530
6341 , 530
6343 , 530
6344 , 530
6345 , 530
6346 , 530
6348 , 530
6349 , 530
6350 , 530
6351 , 530
6353 , 530
6354 , 530
6355 , 530
6356 , 530
6358 , 530
6359 , 530
6360 , 530
6361 , 530
6363 , 530
6364 , 530
6365 , 530
6366 , 530
6368 , 530
6369 , 530
6370 , 530
6371 , 530
6373 , 530
6374 , 530
6375 , 530
6376 , 530
6378 , 530
6379 , 530
6380 , 530
6381 , 530
6383 , 530
6384 , 530
6385 , 530
6386 , 530
6388 , 530
6389 , 530
6390 , 529
6391 , 530
6393 , 530
6394 , 530
6395 , 530
6396 , 530
6398 , 530
6399 , 530
6400 , 530
6401 , 530
6403 , 530
6404 , 530
6405 , 530
6406 , 530
6407 , 530
6409 , 530
6410 , 530
6411 , 530
6413 , 530
6414 , 530
6415 , 530
6416 , 530
6418 , 530
6419 , 530
6420 , 530
6421 , 530
6423 , 530
6424 , 530
6425 , 530
6426 , 530
6427 , 530
6429 , 530
6430 , 530
6431 , 530
6432 , 530
6434 , 530
6435 , 530
6436 , 530
6437 , 530
6439 , 530
6440 , 530
6441 , 530
6443 , 530
6444 , 530
6445 , 530
6446 , 530
6447 , 530
6449 , 530
6450 , 530
6451 , 530
6452 , 530
6454 , 530
6455 , 530
6456 , 530
6457 , 530
6459 , 530
6460 , 530
6461 , 530
6462 , 530
6464 , 530
6465 , 530
6466 , 530
6467 , 530
6469 , 530
6470 , 530
6471 , 530
6472 , 530
6474 , 530
6475 , 530
6476 , 530
6477 , 530
6479 , 530
6480 , 530
6481 , 530
6482 , 529
6484 , 530
6485 , 530
6486 , 530
6487 , 530
6489 , 530
6490 , 530
6491 , 530
6492 , 529
6494 , 530
6495 , 530
6496 , 530
6497 , 530
6499 , 529
6500 , 530
6501 , 530
6502 , 530
6504 , 530
6505 , 530
6506 , 530
6507 , 529
6509 , 530
6510 , 530
6511 , 530
6512 , 530
6514 , 529
6515 , 530
6516 , 530
6517 , 530
6519 , 530
6520 , 530
6521 , 530
6522 , 530
6524 , 530
6525 , 530
6526 , 530
6527 , 530
6529 , 530
6530 , 530
6531 , 530
6532 , 530
6534 , 530
6535 , 530
6536 , 530
6537 , 530
6539 , 530
6540 , 530
6541 , 530
6542 , 529
6544 , 530
6545 , 530
6546 , 530
6547 , 530
6548 , 530
6550 , 530
6551 , 530
6552 , 530
6554 , 530
6555 , 530
6556 , 530
6557 , 529
6559 , 530
6560 , 530
6561 , 530
6562 , 530
6564 , 530
6565 , 530
6566 , 530
6567 , 530
6568 , 530
6570 , 530
6571 , 530
6572 , 530
6573 , 530
6575 , 530
6576 , 530
6577 , 530
6578 , 530
6580 , 530
6581 , 530
6582 , 530
6584 , 530
6585 , 530
6586 , 530
6587 , 530
6588 , 530
6590 , 530
6591 , 530
6592 , 530
6593 , 529
6595 , 529
6596 , 530
6597 , 530
6598 , 529
6600 , 530
6601 , 530
6602 , 530
6603 , 530
6605 , 530
6606 , 530
6607 , 530
6608 , 530
6610 , 529
6611 , 529
6612 , 530
6613 , 530
6615 , 529
6616 , 530
6617 , 530
6618 , 530
6620 , 530
6621 , 529
6622 , 530
6623 , 530
6625 , 530
6626 , 529
6627 , 529
6628 , 530
6630 , 530
6631 , 529
6632 , 530
6633 , 530
6635 , 530
6636 , 530
6637 , 529
6638 , 530
6640 , 529
6641 , 530
6642 , 529
6643 , 530
6645 , 530
6646 , 530
6647 , 530
6648 , 530
6650 , 529
6651 , 530
6652 , 530
6653 , 529
6655 , 530
6656 , 530
6657 , 530
6658 , 530
6660 , 529
6661 , 529
6662 , 529
6663 , 530
6665 , 530
6666 , 529
6667 , 529
6668 , 530
6670 , 530
6671 , 530
6672 , 530
6673 , 530
6675 , 529
6676 , 529
6677 , 530
6678 , 529
6680 , 530
6681 , 529
6682 , 529
6683 , 530
6685 , 529
6686 , 530
6687 , 530
6688 , 529
6690 , 530
6691 , 529
6692 , 529
6693 , 530
6695 , 529
6696 , 529
6697 , 529
6698 , 529
6700 , 530
6701 , 530
6702 , 529
6703 , 529
6705 , 529
6706 , 530
6707 , 530
6708 , 529
6710 , 530
6711 , 530
6712 , 529
6713 , 529
6714 , 530
6716 , 530
6717 , 530
6718 , 529
6720 , 530
6721 , 529
6722 , 529
6723 , 530
6725 , 529
6726 , 530
6727 , 529
6728 , 529
6730 , 529
6731 , 529
6732 , 529
6733 , 529
6734 , 529
6736 , 529
6737 , 530
6738 , 529
6739 , 529
6741 , 530
6742 , 529
6743 , 530
6744 , 529
6746 , 529
6747 , 529
6748 , 529
6750 , 529
6751 , 529
6752 , 529
6753 , 530
6754 , 529
6756 , 530
6757 , 529
6758 , 529
6759 , 530
6761 , 529
6762 , 530
6763 , 530
6764 , 529
6766 , 529
6767 , 529
6768 , 529
6769 , 529
6771 , 530
6772 , 530
6773 , 530
6774 , 529
6776 , 529
6777 , 529
6778 , 529
6779 , 529
6781 , 529
6782 , 529
6783 , 530
6784 , 529
6786 , 529
6787 , 530
6788 , 529
6789 , 530
6791 , 529
6792 , 529
6793 , 529
6794 , 529
6796 , 529
6797 , 529
6798 , 529
6799 , 529
6801 , 529
6802 , 529
6803 , 529
6804 , 529
6806 , 530
6807 , 529
6808 , 529
6809 , 529
6811 , 529
6812 , 529
6813 , 529
6814 , 529
6816 , 529
6817 , 529
6818 , 529
6819 , 529
6821 , 529
6822 , 529
6823 , 529
6824 , 529
6826 , 529
6827 , 529
6828 , 530
6829 , 529
6831 , 529
6832 , 529
6833 , 529
6834 , 529
6836 , 529
6837 , 529
6838 , 529
6839 , 529
6841 , 529
6842 , 529
6843 , 529
6844 , 529
6846 , 529
6847 , 529
6848 , 529
6849 , 529
6851 , 529
6852 , 529
6853 , 529
6854 , 529
6856 , 529
6857 , 529
6858 , 529
6859 , 529
6861 , 529
6862 , 529
6863 , 529
6864 , 529
6866 , 529
6867 , 529
6868 , 529
6869 , 529
6871 , 529
6872 , 529
6873 , 529
6874 , 529
6876 , 529
6877 , 529
6878 , 529
6879 , 529
6880 , 529
6882 , 529
6883 , 529
6884 , 529
6885 , 529
6887 , 529
6888 , 529
6889 , 529
6891 , 529
6892 , 529
6893 , 529
6894 , 529
6896 , 529
6897 , 529
6898 , 529
6899 , 529
6900 , 529
6902 , 529
6903 , 529
6904 , 529
6905 , 529
6907 , 529
6908 , 529
6909 , 529
6910 , 529
6912 , 529
6913 , 529
6914 , 529
6915 , 529
6917 , 529
6918 , 529
6919 , 529
6920 , 529
6922 , 529
6923 , 529
6924 , 529
6925 , 529
6927 , 529
6928 , 529
6929 , 529
6930 , 529
6932 , 529
6933 , 529
6934 , 529
6935 , 529
6937 , 529
6938 , 529
6939 , 529
6940 , 529
6942 , 529
6943 , 529
6944 , 529
6945 , 529
6947 , 529
6948 , 529
6949 , 529
6950 , 529
6952 , 529
6953 , 529
6954 , 529
6955 , 529
6957 , 529
6958 , 529
6959 , 529
6960 , 529
6962 , 529
6963 , 529
6964 , 529
6965 , 529
6967 , 529
6968 , 529
6969 , 529
6970 , 529
6972 , 529
6973 , 529
6974 , 529
6975 , 529
6977 , 529
6978 , 529
6979 , 529
6980 , 529
6982 , 529
6983 , 529
6984 , 529
6985 , 529
6987 , 529
6988 , 529
6989 , 529
6990 , 529
6992 , 529
6993 , 529
6994 , 529
6995 , 529
6997 , 529
6998 , 529
6999 , 529
7000 , 529
7002 , 529
7003 , 529
7004 , 529
7005 , 529
7007 , 529
7008 , 529
7009 , 529
7010 , 529
7012 , 529
7013 , 529
7014 , 529
7015 , 529
7017 , 529
7018 , 529
7019 , 529
7020 , 529
7022 , 529
7023 , 529
7024 , 529
7025 , 529
7026 , 529
7028 , 529
7029 , 529
7030 , 529
7032 , 529
7033 , 529
7034 , 529
7035 , 529
7037 , 529
7038 , 529
7039 , 529
7040 , 529
7042 , 529
7043 , 529
7044 , 529
7045 , 529
7046 , 529
7048 , 529
7049 , 529
7050 , 529
7051 , 529
7053 , 529
7054 , 529
7055 , 529
7056 , 529
7058 , 529
7059 , 529
7060 , 529
7062 , 529
7063 , 529
7064 , 529
7065 , 529
7066 , 529
7068 , 529
7069 , 529
7070 , 529
7071 , 529
7073 , 529
7074 , 529
7075 , 529
7076 , 529
7078 , 529
7079 , 529
7080 , 529
7081 , 529
7083 , 529
7084 , 529
7085 , 529
7086 , 529
7088 , 529
7089 , 529
7090 , 529
7091 , 529
7093 , 529
7094 , 529
7095 , 529
7096 , 529
7098 , 529
7099 , 529
7100 , 529
7101 , 529
7103 , 529
7104 , 529
7105 , 529
7106 , 529
7108 , 529
7109 , 529
7110 , 529
7111 , 529
7113 , 529
7114 , 529
7115 , 529
7116 , 529
7118 , 529
7119 , 529
7120 , 529
7121 , 529
7123 , 529
7124 , 529
7125 , 529
7126 , 529
7128 , 529
7129 , 529
7130 , 529
7131 , 529
7133 , 529
7134 , 529
7135 , 529
7136 , 529
7138 , 529
7139 , 529
7140 , 529
7141 , 529
7143 , 529
7144 , 529
7145 , 529
7146 , 529
7148 , 529
7149 , 529
7150 , 529
7151 , 529
7153 , 529
7154 , 529
7155 , 529
7156 , 529
7158 , 529
7159 , 529
7160 , 529
7161 , 529
7163 , 529
7164 , 529
7165 , 529
7166 , 529
7168 , 529
7169 , 529
7170 , 529
7171 , 529
7173 , 529
7174 , 529
7175 , 529
7176 , 529
7178 , 529
7179 , 529
7180 , 529
7181 , 529
7183 , 529
7184 , 529
7185 , 529
7186 , 529
7187 , 529
7189 , 529
7190 , 529
7191 , 529
7192 , 529
7194 , 529
7195 , 529
7196 , 529
7198 , 529
7199 , 529
7200 , 529
7201 , 529
7203 , 529
7204 , 529
7205 , 529
7206 , 529
7207 , 529
7209 , 529
7210 , 529
7211 , 529
7212 , 529
7214 , 529
7215 , 529
7216 , 529
7217 , 529
7219 , 529
7220 , 529
7221 , 529
7222 , 529
7224 , 529
7225 , 529
7226 , 529
7227 , 529
7229 , 529
7230 , 529
7231 , 529
7232 , 529
7234 , 529
7235 , 529
7236 , 529
7237 , 529
7239 , 529
7240 , 529
7241 , 529
7242 , 529
7244 , 529
7245 , 529
7246 , 529
7247 , 529
7249 , 529
7250 , 528
7251 , 529
7252 , 529
7254 , 529
7255 , 529
7256 , 529
7257 , 529
7259 , 529
7260 , 529
7261 , 529
7262 , 529
7264 , 529
7265 , 529
7266 , 529
7267 , 529
7269 , 529
7270 , 529
7271 , 529
7272 , 529
7274 , 529
7275 , 529
7276 , 529
7277 , 529
7279 , 529
7280 , 529
7281 , 529
7282 , 529
7284 , 529
7285 , 529
7286 , 529
7287 , 529
7289 , 529
7290 , 529
7291 , 529
7292 , 529
7294 , 529
7295 , 529
7296 , 529
7297 , 529
7299 , 529
7300 , 529
7301 , 529
7302 , 529
7304 , 529
7305 , 529
7306 , 529
7307 , 528
7309 , 529
7310 , 529
7311 , 529
7312 , 529
7314 , 529
7315 , 529
7316 , 529
7317 , 529
7319 , 529
7320 , 529
7321 , 529
7322 , 529
7324 , 529
7325 , 529
7326 , 529
7327 , 529
7329 , 529
7330 , 529
7331 , 529
7332 , 529
7333 , 529
7335 , 529
7336 , 529
7337 , 529
7339 , 529
7340 , 529
7341 , 529
7342 , 529
7344 , 529
7345 , 529
7346 , 529
7347 , 529
7349 , 529
7350 , 529
7351 , 529
7352 , 529
7353 , 529
7355 , 529
7356 , 529
7357 , 529
7358 , 529
7360 , 529
7361 , 529
7362 , 529
7363 , 529
7365 , 529
7366 , 529
7367 , 528
7369 , 529
7370 , 529
7371 , 529
7372 , 529
7373 , 529
7375 , 529
7376 , 529
7377 , 529
7378 , 529
7380 , 529
7381 , 529
7382 , 528
7383 , 529
7385 , 529
7386 , 529
7387 , 529
7388 , 529
7390 , 529
7391 , 529
7392 , 529
7393 , 529
7395 , 529
7396 , 529
7397 , 529
7398 , 529
7400 , 529
7401 , 529
7402 , 529
7403 , 529
7405 , 528
7406 , 529
7407 , 529
7408 , 529
7410 , 529
7411 , 529
7412 , 529
7413 , 529
7415 , 529
7416 , 529
7417 , 529
7418 , 529
7420 , 529
7421 , 529
7422 , 529
7423 , 529
7425 , 529
7426 , 529
7427 , 529
7428 , 529
7430 , 529
7431 , 529
7432 , 529
7433 , 529
7435 , 529
7436 , 529
7437 , 529
7438 , 529
7440 , 529
7441 , 529
7442 , 529
7443 , 529
7445 , 529
7446 , 528
7447 , 529
7448 , 529
7450 , 529
7451 , 529
7452 , 529
7453 , 529
7455 , 528
7456 , 529
7457 , 528
7458 , 529
7460 , 529
7461 , 529
7462 , 529
7463 , 529
7465 , 529
7466 , 529
7467 , 529
7468 , 529
7470 , 528
7471 , 529
7472 , 528
7473 , 529
7475 , 529
7476 , 529
7477 , 529
7478 , 529
7480 , 529
7481 , 529
7482 , 529
7483 , 529
7485 , 529
7486 , 529
7487 , 529
7488 , 529
7490 , 529
7491 , 528
7492 , 529
7493 , 529
7495 , 529
7496 , 529
7497 , 529
7498 , 528
7499 , 528
7501 , 529
7502 , 529
7503 , 528
7504 , 529
7506 , 529
7507 , 529
7508 , 528
7510 , 528
7511 , 529
7512 , 529
7513 , 529
7515 , 529
7516 , 528
7517 , 529
7518 , 529
7519 , 529
7521 , 528
7522 , 529
7523 , 529
7524 , 529
7526 , 529
7527 , 528
7528 , 528
7529 , 529
7531 , 529
7532 , 529
7533 , 528
7535 , 529
7536 , 529
7537 , 528
7538 , 528
7539 , 528
7541 , 529
7542 , 529
7543 , 528
7544 , 529
7546 , 529
7547 , 528
7548 , 529
7549 , 529
7551 , 529
7552 , 528
7553 , 529
7554 , 529
7556 , 529
7557 , 529
7558 , 528
7559 , 528
7561 , 529
7562 , 528
7563 , 528
7564 , 529
7566 , 529
7567 , 528
7568 , 528
7569 , 529
7571 , 529
7572 , 528
7573 , 529
7574 , 529
7576 , 529
7577 , 528
7578 , 529
7579 , 529
7581 , 528
7582 , 529
7583 , 529
7584 , 528
7586 , 529
7587 , 528
7588 , 529
7589 , 528
7591 , 528
7592 , 528
7593 , 529
7594 , 529
7596 , 529
7597 , 528
7598 , 529
7599 , 529
7601 , 528
7602 , 529
7603 , 529
7604 , 528
7606 , 528
7607 , 528
7608 , 529
7609 , 529
7611 , 528
7612 , 528
7613 , 528
7614 , 528
7616 , 529
7617 , 529
7618 , 528
7619 , 529
7621 , 529
7622 , 529
7623 , 529
7624 , 529
7626 , 528
7627 , 529
7628 , 529
7629 , 528
7631 , 529
7632 , 529
7633 , 529
7634 , 528
7636 , 528
7637 , 529
7638 , 528
7639 , 528
7641 , 528
7642 , 529
7643 , 529
7644 , 528
7646 , 528
7647 , 529
7648 , 528
7649 , 528
7651 , 528
7652 , 528
7653 , 528
7654 , 529
7656 , 529
7657 , 528
7658 , 529
7659 , 528
7661 , 529
7662 , 528
7663 , 528
7664 , 528
7665 , 528
7667 , 529
7668 , 528
7669 , 528
7670 , 529
7672 , 528
7673 , 528
7674 , 529
7676 , 528
7677 , 528
7678 , 529
7679 , 529
7681 , 529
7682 , 528
7683 , 528
7684 , 528
7685 , 528
7687 , 528
7688 , 528
7689 , 528
7690 , 528
7692 , 528
7693 , 529
7694 , 528
7695 , 528
7697 , 528
7698 , 528
7699 , 529
7700 , 528
7702 , 528
7703 , 528
7704 , 528
7705 , 529
7707 , 528
7708 , 529
7709 , 528
7710 , 528
7712 , 529
7713 , 528
7714 , 529
7715 , 529
7717 , 529
7718 , 528
7719 , 528
7720 , 528
7722 , 529
7723 , 528
7724 , 528
7725 , 528
7727 , 529
7728 , 528
7729 , 528
7730 , 529
7732 , 529
7733 , 528
7734 , 528
7735 , 528
7737 , 529
7738 , 529
7739 , 529
7740 , 528
7742 , 529
7743 , 528
7744 , 529
7745 , 529
7747 , 528
7748 , 528
7749 , 529
7750 , 528
7752 , 528
7753 , 529
7754 , 529
7755 , 528
7757 , 528
7758 , 528
7759 , 529
7760 , 528
7762 , 528
7763 , 529
7764 , 528
7765 , 529
7767 , 528
7768 , 528
7769 , 528
7770 , 529
7772 , 529
7773 , 528
7774 , 529
7775 , 528
7777 , 528
7778 , 528
7779 , 528
7780 , 528
7782 , 528
7783 , 528
7784 , 528
7785 , 528
7787 , 529
7788 , 528
7789 , 528
7790 , 528
7792 , 528
7793 , 529
7794 , 528
7795 , 528
7797 , 528
7798 , 528
7799 , 528
7800 , 528
7802 , 528
7803 , 528
7804 , 528
7805 , 528
7806 , 528
7808 , 528
7809 , 528
7810 , 528
7811 , 528
7813 , 528
7814 , 528
7815 , 528
7817 , 528
7818 , 528
7819 , 528
7820 , 528
7822 , 528
7823 , 528
7824 , 528
7825 , 528
7826 , 528
7828 , 528
7829 , 528
7830 , 528
7831 , 528
7833 , 528
7834 , 528
7835 , 528
7836 , 528
7838 , 528
7839 , 528
7840 , 528
7841 , 528
7843 , 528
7844 , 528
7845 , 528
7846 , 528
7848 , 528
7849 , 528
7850 , 528
7851 , 528
7853 , 528
7854 , 528
7855 , 528
7856 , 528
7858 , 529
7859 , 528
7860 , 528
7861 , 528
7863 , 528
7864 , 528
7865 , 528
7866 , 528
7868 , 528
7869 , 528
7870 , 528
7871 , 528
7873 , 528
7874 , 528
7875 , 528
7876 , 528
7878 , 528
7879 , 528
7880 , 528
7881 , 528
7883 , 528
7884 , 528
7885 , 528
7886 , 528
7888 , 528
7889 , 528
7890 , 528
7891 , 528
7893 , 528
7894 , 528
7895 , 528
7896 , 528
7898 , 528
7899 , 528
7900 , 528
7901 , 528
7903 , 528
7904 , 528
7905 , 528
7906 , 528
7908 , 528
7909 , 528
7910 , 528
7911 , 528
7913 , 528
7914 , 528
7915 , 528
7916 , 528
7918 , 528
7919 , 528
7920 , 528
7921 , 528
7923 , 528
7924 , 528
7925 , 528
7926 , 528
7928 , 528
7929 , 528
7930 , 528
7931 , 528
7933 , 528
7934 , 528
7935 , 528
7936 , 528
7938 , 528
7939 , 528
7940 , 528
7941 , 528
7943 , 528
7944 , 528
7945 , 528
7946 , 528
7948 , 528
7949 , 528
7950 , 528
7951 , 528
7952 , 528
7954 , 528
7955 , 528
7956 , 528
7958 , 528
7959 , 528
7960 , 528
7961 , 528
7963 , 528
7964 , 528
7965 , 528
7966 , 528
7968 , 528
7969 , 528
7970 , 528
7971 , 528
7972 , 528
7974 , 528
7975 , 528
7976 , 528
7977 , 528
7979 , 528
7980 , 528
7981 , 528
7983 , 528
7984 , 528
7985 , 528
7986 , 528
7988 , 528
7989 , 528
7990 , 528
7991 , 528
7992 , 528
7994 , 528
7995 , 528
7996 , 528
7997 , 528
7999 , 528
8000 , 528
8001 , 528
8002 , 528
8004 , 528
8005 , 528
8006 , 528
8007 , 528
8009 , 528
8010 , 528
8011 , 528
8012 , 528
8014 , 528
8015 , 528
8016 , 528
8017 , 528
8019 , 528
8020 , 528
8021 , 528
8022 , 528
8024 , 528
8025 , 528
8026 , 528
8027 , 528
8029 , 528
8030 , 528
8031 , 528
8032 , 528
8034 , 528
8035 , 528
8036 , 528
8037 , 528
8039 , 528
8040 , 528
8041 , 528
8042 , 528
8044 , 528
8045 , 528
8046 , 528
8047 , 528
8049 , 528
8050 , 528
8051 , 528
8052 , 528
8054 , 528
8055 , 528
8056 , 528
8057 , 528
8059 , 528
8060 , 528
8061 , 528
8062 , 528
8064 , 528
8065 , 528
8066 , 528
8067 , 528
8069 , 528
8070 , 528
8071 , 528
8072 , 528
8074 , 528
8075 , 528
8076 , 528
8077 , 528
8079 , 528
8080 , 528
8081 , 528
8082 , 528
8084 , 528
8085 , 528
8086 , 528
8087 , 528
8089 , 528
8090 , 528
8091 , 528
8092 , 528
8094 , 528
8095 , 528
8096 , 528
8097 , 528
8099 , 528
8100 , 528
8101 , 528
8102 , 528
8104 , 528
8105 , 528
8106 , 528
8107 , 528
8109 , 528
8110 , 528
8111 , 528
8112 , 528
8114 , 528
8115 , 528
8116 , 528
8117 , 528
8118 , 528
8120 , 528
8121 , 528
8122 , 528
8124 , 528
8125 , 528
8126 , 528
8127 , 528
8129 , 528
8130 , 528
8131 , 528
8132 , 528
8134 , 528
8135 , 528
8136 , 528
8137 , 528
8138 , 528
8140 , 528
8141 , 528
8142 , 528
8143 , 528
8145 , 528
8146 , 528
8147 , 528
8148 , 528
8150 , 528
8151 , 528
8152 , 528
8154 , 528
8155 , 528
8156 , 528
8157 , 528
8158 , 528
8160 , 528
8161 , 528
8162 , 528
8163 , 528
8165 , 528
8166 , 528
8167 , 528
8168 , 528
8170 , 528
8171 , 528
8172 , 528
8173 , 528
8175 , 528
8176 , 528
8177 , 528
8178 , 528
8180 , 528
8181 , 528
8182 , 528
8183 , 528
8185 , 528
8186 , 528
8187 , 528
8188 , 528
8190 , 528
8191 , 528
8192 , 528
8193 , 528
8195 , 528
8196 , 528
8197 , 528
8198 , 528
8200 , 528
8201 , 528
8202 , 528
8203 , 528
8205 , 528
8206 , 528
8207 , 528
8208 , 528
8210 , 528
8211 , 528
8212 , 528
8213 , 528
8215 , 528
8216 , 528
8217 , 528
8218 , 528
8220 , 528
8221 , 528
8222 , 528
8223 , 528
8225 , 528
8226 , 528
8227 , 528
8228 , 528
8230 , 528
8231 , 528
8232 , 528
8233 , 528
8235 , 528
8236 , 528
8237 , 528
8238 , 528
8240 , 528
8241 , 528
8242 , 528
8243 , 528
8245 , 528
8246 , 528
8247 , 528
8248 , 528
8250 , 528
8251 , 528
8252 , 528
8253 , 528
8255 , 528
8256 , 528
8257 , 528
8258 , 528
8260 , 528
8261 , 528
8262 , 528
8263 , 528
8265 , 528
8266 , 528
8267 , 528
8268 , 528
8270 , 528
8271 , 528
8272 , 528
8273 , 528
8275 , 528
8276 , 528
8277 , 528
8278 , 528
8280 , 528
8281 , 528
8282 , 528
8283 , 528
8284 , 528
8286 , 528
8287 , 528
8288 , 528
8289 , 528
8291 , 528
8292 , 528
8293 , 528
8295 , 528
8296 , 528
8297 , 528
8298 , 528
8300 , 528
8301 , 528
8302 , 528
8303 , 528
8304 , 528
8306 , 528
8307 , 527
8308 , 528
8309 , 528
8311 , 528
8312 , 528
8313 , 528
8314 , 528
8316 , 528
8317 , 528
8318 , 528
8320 , 528
8321 , 528
8322 , 528
8323 , 528
8324 , 528
8326 , 528
8327 , 528
8328 , 528
8329 , 528
8331 , 528
8332 , 527
8333 , 527
8334 , 528
8336 , 528
8337 , 528
8338 , 528
8339 , 528
8341 , 528
8342 , 528
8343 , 528
8344 , 528
8346 , 528
8347 , 528
8348 , 528
8349 , 528
8351 , 528
8352 , 528
8353 , 528
8354 , 527
8356 , 528
8357 , 528
8358 , 528
8359 , 528
8361 , 528
8362 , 528
8363 , 528
8364 , 527
8366 , 528
8367 , 528
8368 , 528
8369 , 528
8371 , 527
8372 , 528
8373 , 528
8374 , 528
8376 , 528
8377 , 528
8378 , 528
8379 , 527
8381 , 528
8382 , 528
8383 , 528
8384 , 528
8386 , 528
8387 , 527
8388 , 528
8389 , 528
8391 , 528
8392 , 528
8393 , 527
8394 , 527
8396 , 528
8397 , 528
8398 , 528
8399 , 528
8401 , 528
8402 , 527
8403 , 527
8404 , 528
8406 , 528
8407 , 527
8408 , 528
8409 , 527
8411 , 528
8412 , 528
8413 , 527
8414 , 528
8416 , 528
8417 , 528
8418 , 528
8419 , 528
8421 , 527
8422 , 527
8423 , 528
8424 , 527
8425 , 527
8427 , 528
8428 , 528
8429 , 527
8431 , 527
8432 , 528
8433 , 528
8434 , 528
8436 , 527
8437 , 527
8438 , 527
8439 , 528
8441 , 528
8442 , 528
8443 , 527
8444 , 528
8445 , 528
8447 , 528
8448 , 528
8449 , 527
8450 , 527
8452 , 527
8453 , 528
8454 , 528
8455 , 527
8457 , 527
8458 , 527
8459 , 528
8461 , 528
8462 , 527
8463 , 527
8464 , 528
8465 , 527
8467 , 527
8468 , 527
8469 , 528
8470 , 527
8472 , 528
8473 , 527
8474 , 527
8475 , 527
8477 , 528
8478 , 528
8479 , 527
8480 , 527
8482 , 527
8483 , 527
8484 , 528
8485 , 527
8487 , 527
8488 , 527
8489 , 528
8490 , 527
8492 , 528
8493 , 527
8494 , 528
8495 , 527
8497 , 527
8498 , 528
8499 , 527
8500 , 527
8502 , 528
8503 , 527
8504 , 527
8505 , 527
8507 , 527
8508 , 527
8509 , 527
8510 , 527
8512 , 528
8513 , 528
8514 , 527
8515 , 527
8517 , 527
8518 , 528
8519 , 527
8520 , 527
8522 , 527
8523 , 527
8524 , 527
8525 , 527
8527 , 528
8528 , 527
8529 , 527
8530 , 527
8532 , 527
8533 , 527
8534 , 527
8535 , 527
8537 , 527
8538 , 527
8539 , 527
8540 , 527
8542 , 527
8543 , 528
8544 , 527
8545 , 527
8547 , 528
8548 , 527
8549 , 527
8550 , 527
8552 , 528
8553 , 527
8554 , 527
8555 , 528
8557 , 527
8558 , 527
8559 , 527
8560 , 527
8562 , 528
8563 , 527
8564 , 527
8565 , 527
8567 , 527
8568 , 527
8569 , 527
8570 , 527
8572 , 528
8573 , 527
8574 , 527
8575 , 527
8577 , 527
8578 , 527
8579 , 527
8580 , 527
8582 , 527
8583 , 527
8584 , 527
8585 , 527
8587 , 527
8588 , 527
8589 , 528
8590 , 527
8591 , 527
8593 , 527
8594 , 527
8595 , 527
8596 , 527
8598 , 527
8599 , 527
8600 , 527
8602 , 527
8603 , 527
8604 , 527
8605 , 527
8607 , 527
8608 , 527
8609 , 527
8610 , 527
8611 , 527
8613 , 527
8614 , 527
8615 , 527
8616 , 527
8618 , 527
8619 , 527
8620 , 527
8621 , 528
8623 , 527
8624 , 527
8625 , 527
8626 , 527
8628 , 527
8629 , 527
8630 , 527
8631 , 528
8633 , 527
8634 , 527
8635 , 527
8636 , 527
8638 , 528
8639 , 527
8640 , 527
8641 , 527
8643 , 527
8644 , 527
8645 , 527
8646 , 527
8648 , 527
8649 , 527
8650 , 527
8651 , 527
8653 , 527
8654 , 527
8655 , 527
8656 , 527
8658 , 527
8659 , 527
8660 , 527
8661 , 527
8663 , 527
8664 , 527
8665 , 527
8666 , 527
8668 , 527
8669 , 527
8670 , 527
8671 , 527
8673 , 527
8674 , 527
8675 , 527
8676 , 527
8678 , 527
8679 , 527
8680 , 527
8681 , 527
8683 , 527
8684 , 527
8685 , 528
8686 , 527
8688 , 527
8689 , 527
8690 , 527
8691 , 527
8693 , 527
8694 , 527
8695 , 527
8696 , 527
8698 , 527
8699 , 527
8700 , 527
8701 , 527
8703 , 527
8704 , 527
8705 , 527
8706 , 527
8708 , 527
8709 , 527
8710 , 527
8711 , 527
8713 , 527
8714 , 527
8715 , 527
8716 , 527
8718 , 527
8719 , 527
8720 , 527
8721 , 527
8723 , 527
8724 , 527
8725 , 527
8726 , 527
8728 , 527
8729 , 527
8730 , 527
8731 , 527
8733 , 527
8734 , 527
8735 , 527
8736 , 527
8737 , 527
8739 , 527
8740 , 527
8741 , 527
8743 , 527
8744 , 527
8745 , 527
8746 , 527
8748 , 527
8749 , 527
8750 , 527
8751 , 527
8753 , 527
8754 , 527
8755 , 527
8756 , 527
8757 , 527
8759 , 527
8760 , 527
8761 , 527
8762 , 527
8764 , 527
8765 , 527
8766 , 527
8768 , 527
8769 , 527
8770 , 527
8771 , 527
8773 , 527
8774 , 527
8775 , 527
8776 , 527
8777 , 527
8779 , 527
8780 , 527
8781 , 527
8782 , 527
8784 , 527
8785 , 527
8786 , 527
8787 , 527
8789 , 527
8790 , 527
8791 , 528
8792 , 527
8794 , 527
8795 , 527
8796 , 527
8797 , 527
8799 , 527
8800 , 527
8801 , 527
8802 , 527
8804 , 527
8805 , 527
8806 , 527
8807 , 527
8809 , 527
8810 , 527
8811 , 527
8812 , 527
8814 , 527
8815 , 527
8816 , 527
8817 , 527
8819 , 527
8820 , 527
8821 , 527
8822 , 527
8824 , 527
8825 , 527
8826 , 527
8827 , 527
8829 , 527
8830 , 527
8831 , 527
8832 , 527
8834 , 527
8835 , 527
8836 , 527
8837 , 527
8839 , 527
8840 , 527
8841 , 527
8842 , 527
8844 , 527
8845 , 527
8846 , 527
8847 , 527
8849 , 527
8850 , 527
8851 , 527
8852 , 527
8854 , 527
8855 , 527
8856 , 527
8857 , 527
8859 , 527
8860 , 527
8861 , 527
8862 , 527
8864 , 527
8865 , 527
8866 , 527
8867 , 527
8869 , 527
8870 , 527
8871 , 527
8872 , 527
8874 , 527
8875 , 527
8876 , 527
8877 , 527
8879 , 527
8880 , 527
8881 , 527
8882 , 527
8884 , 527
8885 , 527
8886 , 527
8887 , 527
8889 , 527
8890 , 527
8891 , 527
8892 , 527
8894 , 527
8895 , 527
8896 , 527
8897 , 527
8899 , 527
8900 , 527
8901 , 527
8902 , 527
8903 , 527
8905 , 527
8906 , 527
8907 , 527
8909 , 527
8910 , 527
8911 , 527
8912 , 527
8914 , 527
8915 , 527
8916 , 527
8917 , 527
8919 , 527
8920 , 527
8921 , 527
8922 , 527
8923 , 527
8925 , 527
8926 , 527
8927 , 527
8928 , 527
8930 , 527
8931 , 527
8932 , 527
8933 , 527
8935 , 527
8936 , 527
8937 , 527
8939 , 527
8940 , 527
8941 , 526
8942 , 527
8943 , 527
8945 , 527
8946 , 527
8947 , 527
8948 , 527
8950 , 527
8951 , 527
8952 , 527
8953 , 527
8955 , 527
8956 , 527
8957 , 527
8958 , 527
8960 , 527
8961 , 527
8962 , 527
8963 , 527
8965 , 527
8966 , 527
8967 , 527
8968 , 527
8970 , 527
8971 , 527
8972 , 527
8973 , 527
8975 , 527
8976 , 527
8977 , 527
8978 , 527
8980 , 527
8981 , 527
8982 , 527
8983 , 527
8985 , 527
8986 , 527
8987 , 527
8988 , 527
8990 , 527
8991 , 527
8992 , 527
8993 , 527
8995 , 527
8996 , 527
8997 , 527
8998 , 527
9000 , 527
9001 , 527
9002 , 527
9003 , 527
9005 , 527
9006 , 527
9007 , 527
9008 , 527
9010 , 527
9011 , 526
9012 , 527
9013 , 527
9015 , 527
9016 , 527
9017 , 527
9018 , 527
9020 , 527
9021 , 527
9022 , 527
9023 , 527
9025 , 527
9026 , 527
9027 , 527
9028 , 527
9030 , 527
9031 , 527
9032 , 527
9033 , 527
9035 , 527
9036 , 527
9037 , 527
9038 , 527
9040 , 527
9041 , 527
9042 , 527
9043 , 527
9044 , 527
9046 , 527
9047 , 527
9048 , 527
9050 , 527
9051 , 527
9052 , 527
9053 , 527
9055 , 526
9056 , 527
9057 , 527
9058 , 527
9060 , 526
9061 , 527
9062 , 527
9063 , 527
9064 , 526
9066 , 527
9067 , 527
9068 , 527
9069 , 527
9071 , 527
9072 , 527
9073 , 527
9074 , 527
9076 , 527
9077 , 527
9078 , 527
9080 , 527
9081 , 527
9082 , 527
9083 , 527
9084 , 527
9086 , 527
9087 , 527
9088 , 527
9089 , 526
9091 , 527
9092 , 527
9093 , 527
9094 , 527
9096 , 527
9097 , 526
9098 , 527
9099 , 527
9101 , 527
9102 , 526
9103 , 527
9104 , 527
9106 , 527
9107 , 526
9108 , 527
9109 , 526
9111 , 527
9112 , 527
9113 , 526
9114 , 527
9116 , 527
9117 , 527
9118 , 526
9119 , 526
9121 , 527
9122 , 527
9123 , 527
9124 , 527
9126 , 526
9127 , 527
9128 , 527
9129 , 527
9131 , 527
9132 , 527
9133 , 527
9134 , 526
9136 , 527
9137 , 526
9138 , 527
9139 , 527
9141 , 527
9142 , 527
9143 , 527
9144 , 527
9146 , 526
9147 , 526
9148 , 527
9149 , 527
9151 , 527
9152 , 526
9153 , 526
9154 , 527
9156 , 526
9157 , 526
9158 , 527
9159 , 526
9161 , 526
9162 , 527
9163 , 527
9164 , 526
9166 , 526
9167 , 526
9168 , 527
9169 , 526
9171 , 527
9172 , 526
9173 , 526
9174 , 526
9176 , 526
9177 , 526
9178 , 526
9179 , 526
9181 , 527
9182 , 526
9183 , 526
9184 , 527
9186 , 526
9187 , 527
9188 , 526
9189 , 526
9191 , 526
9192 , 526
9193 , 526
9194 , 527
9196 , 526
9197 , 527
9198 , 526
9199 , 526
9201 , 527
9202 , 526
9203 , 526
9204 , 526
9206 , 526
9207 , 526
9208 , 527
9209 , 527
9210 , 526
9212 , 526
9213 , 526
9214 , 527
9216 , 526
9217 , 526
9218 , 527
9219 , 527
9221 , 526
9222 , 526
9223 , 527
9224 , 526
9226 , 527
9227 , 526
9228 , 526
9229 , 527
9230 , 526
9232 , 526
9233 , 527
9234 , 526
9235 , 526
9237 , 526
9238 , 526
9239 , 527
9240 , 526
9242 , 526
9243 , 526
9244 , 527
9246 , 526
9247 , 526
9248 , 526
9249 , 526
9250 , 526
9252 , 527
9253 , 526
9254 , 526
9255 , 526
9257 , 526
9258 , 526
9259 , 527
9260 , 527
9262 , 526
9263 , 526
9264 , 526
9265 , 527
9267 , 526
9268 , 526
9269 , 526
9270 , 526
9272 , 527
9273 , 526
9274 , 526
9275 , 527
9277 , 526
9278 , 526
9279 , 526
9280 , 526
9282 , 526
9283 , 526
9284 , 526
9285 , 526
9287 , 526
9288 , 526
9289 , 526
9290 , 527
9292 , 527
9293 , 526
9294 , 526
9295 , 526
9297 , 526
9298 , 526
9299 , 527
9300 , 526
9302 , 526
9303 , 526
9304 , 526
9305 , 527
9307 , 526
9308 , 526
9309 , 526
9310 , 526
9312 , 526
9313 , 526
9314 , 526
9315 , 526
9317 , 526
9318 , 526
9319 , 526
9320 , 526
9322 , 527
9323 , 526
9324 , 526
9325 , 526
9327 , 526
9328 , 526
9329 , 526
9330 , 526
9332 , 527
9333 , 526
9334 , 526
9335 , 526
9337 , 526
9338 , 527
9339 , 526
9340 , 526
9342 , 526
9343 , 526
9344 , 526
9345 , 526
9347 , 527
9348 , 526
9349 , 526
9350 , 526
9352 , 526
9353 , 527
9354 , 526
9355 , 526
9357 , 526
9358 , 526
9359 , 526
9360 , 526
9362 , 526
9363 , 526
9364 , 526
9365 , 526
9367 , 526
9368 , 526
9369 , 526
9370 , 526
9372 , 526
9373 , 526
9374 , 526
9375 , 526
9376 , 526
9378 , 526
9379 , 526
9380 , 526
9381 , 526
9383 , 526
9384 , 526
9385 , 526
9387 , 526
9388 , 526
9389 , 526
9390 , 526
9392 , 526
9393 , 526
9394 , 526
9395 , 526
9396 , 526
9398 , 526
9399 , 526
9400 , 526
9401 , 527
9403 , 526
9404 , 526
9405 , 526
9406 , 526
9408 , 526
9409 , 526
9410 , 526
9411 , 526
9413 , 526
9414 , 526
9415 , 526
9416 , 527
9418 , 526
9419 , 526
9420 , 526
9421 , 526
9423 , 526
9424 , 526
9425 , 526
9426 , 526
9428 , 526
9429 , 526
9430 , 527
9431 , 526
9433 , 526
9434 , 526
9435 , 526
9436 , 526
9438 , 526
9439 , 526
9440 , 527
9441 , 526
9443 , 527
9444 , 526
9445 , 526
9446 , 526
9448 , 527
9449 , 526
9450 , 526
9451 , 526
9453 , 527
9454 , 526
9455 , 527
9456 , 527
9458 , 526
9459 , 526
9460 , 526
9461 , 526
9463 , 526
9464 , 526
9465 , 526
9466 , 526
9468 , 526
9469 , 526
9470 , 526
9471 , 526
9473 , 526
9474 , 526
9475 , 526
9476 , 526
9478 , 526
9479 , 527
9480 , 526
9481 , 526
9483 , 527
9484 , 526
9485 , 526
9486 , 527
9488 , 526
9489 , 526
9490 , 526
9491 , 526
9493 , 526
9494 , 526
9495 , 526
9496 , 526
9498 , 526
9499 , 526
9500 , 527
9501 , 526
9503 , 526
9504 , 527
9505 , 526
9506 , 526
9508 , 526
9509 , 526
9510 , 526
9511 , 526
9513 , 526
9514 , 526
9515 , 526
9516 , 526
9518 , 526
9519 , 526
9520 , 526
9521 , 526
9522 , 526
9524 , 526
9525 , 526
9526 , 526
9528 , 526
9529 , 526
9530 , 527
9531 , 526
9533 , 526
9534 , 526
9535 , 526
9536 , 526
9538 , 526
9539 , 526
9540 , 526
9541 , 526
9542 , 526
9544 , 526
9545 , 526
9546 , 526
9547 , 526
9549 , 526
9550 , 526
9551 , 526
9552 , 526
9554 , 526
9555 , 526
9556 , 526
9558 , 526
9559 , 526
9560 , 526
9561 , 526
9562 , 526
9564 , 526
9565 , 526
9566 , 526
9567 , 526
9569 , 526
9570 , 526
9571 , 526
9572 , 526
9574 , 526
9575 , 526
9576 , 526
9577 , 527
9579 , 526
9580 , 526
9581 , 527
9582 , 526
9584 , 526
9585 , 526
9586 , 526
9587 , 526
9589 , 526
9590 , 526
9591 , 526
9592 , 526
9594 , 526
9595 , 526
9596 , 526
9597 , 526
9599 , 526
9600 , 526
9601 , 526
9602 , 526
9604 , 526
9605 , 526
9606 , 526
9607 , 526
9609 , 526
9610 , 526
9611 , 527
9612 , 526
9614 , 526
9615 , 526
9616 , 526
9617 , 526
9619 , 527
9620 , 527
9621 , 526
9622 , 526
9624 , 526
9625 , 527
9626 , 526
9627 , 526
9629 , 526
9630 , 526
9631 , 526
9632 , 527
9634 , 526
9635 , 527
9636 , 527
9637 , 526
9639 , 526
9640 , 526
9641 , 526
9642 , 526
9644 , 526
9645 , 526
9646 , 526
9647 , 527
9649 , 526
9650 , 526
9651 , 526
9652 , 526
9654 , 526
9655 , 526
9656 , 526
9657 , 526
9659 , 526
9660 , 526
9661 , 526
9662 , 526
9664 , 526
9665 , 526
9666 , 526
9667 , 526
9669 , 526
9670 , 526
9671 , 526
9672 , 527
9674 , 526
9675 , 526
9676 , 526
9677 , 526
9679 , 526
9680 , 527
9681 , 526
9682 , 526
9683 , 526
9685 , 526
9686 , 526
9687 , 527
9688 , 526
9690 , 526
9691 , 526
9692 , 527
9694 , 526
9695 , 526
9696 , 526
9697 , 527
9699 , 527
9700 , 526
9701 , 526
9702 , 526
9703 , 526
9705 , 526
9706 , 527
9707 , 527
9708 , 526
9710 , 526
9711 , 526
9712 , 526
9713 , 526
9715 , 526
9716 , 526
9717 , 526
9718 , 526
9720 , 527
9721 , 526
9722 , 526
9723 , 526
9725 , 526
9726 , 526
9727 , 527
9728 , 526
9730 , 526
9731 , 526
9732 , 526
9733 , 526
9735 , 526
9736 , 527
9737 , 526
9738 , 526
9740 , 526
9741 , 527
9742 , 526
9743 , 526
9745 , 526
9746 , 526
9747 , 526
9748 , 526
9750 , 526
9751 , 526
9752 , 526
9753 , 526
9755 , 526
9756 , 526
9757 , 527
9758 , 526
9760 , 526
9761 , 527
9762 , 526
9763 , 527
9765 , 526
9766 , 526
9767 , 527
9768 , 527
9770 , 526
9771 , 526
9772 , 527
9773 , 526
9775 , 526
9776 , 526
9777 , 526
9778 , 526
9780 , 527
9781 , 526
9782 , 526
9783 , 526
9785 , 526
9786 , 526
9787 , 526
9788 , 527
9790 , 526
9791 , 526
9792 , 526
9793 , 526
9795 , 527
9796 , 526
9797 , 526
9798 , 526
9800 , 526
9801 , 526
9802 , 526
9803 , 526
9805 , 527
9806 , 526
9807 , 526
9808 , 526
9810 , 526
9811 , 527
9812 , 527
9813 , 526
9815 , 526
9816 , 527
9817 , 526
9818 , 526
9820 , 526
9821 , 527
9822 , 526
9823 , 526
9825 , 526
9826 , 526
9827 , 526
9828 , 526
9829 , 526
9831 , 526
9832 , 527
9833 , 526
9835 , 527
9836 , 526
9837 , 526
9838 , 526
9840 , 526
9841 , 527
9842 , 526
9843 , 526
9845 , 526
9846 , 526
9847 , 526
9848 , 526
9849 , 527
9851 , 526
9852 , 526
9853 , 526
9854 , 526
9856 , 526
9857 , 526
9858 , 526
9859 , 526
9861 , 527
9862 , 526
9863 , 526
9865 , 526
9866 , 526
9867 , 526
9868 , 526
9869 , 526
9871 , 526
9872 , 526
9873 , 526
9874 , 526
9876 , 526
9877 , 526
9878 , 526
9879 , 526
9881 , 526
9882 , 527
9883 , 526
9884 , 526
9886 , 526
9887 , 526
9888 , 526
9889 , 526
9891 , 526
9892 , 526
9893 , 526
9894 , 526
9896 , 526
9897 , 526
9898 , 526
9899 , 526
9901 , 526
9902 , 526
9903 , 526
9904 , 526
9906 , 526
9907 , 526
9908 , 526
9909 , 526
9911 , 526
9912 , 527
9913 , 526
9914 , 526
9916 , 526
9917 , 526
9918 , 527
9919 , 526
9921 , 526
9922 , 526
9923 , 526
9924 , 526
9926 , 526
9927 , 526
9928 , 526
9929 , 526
9931 , 526
9932 , 526
9933 , 526
9934 , 526
9936 , 526
9937 , 526
9938 , 526
9939 , 526
9941 , 526
9942 , 526
9943 , 526
9944 , 526
9946 , 526
9947 , 526
9948 , 526
9949 , 526
9951 , 526
9952 , 526
9953 , 526
9954 , 526
9956 , 526
9957 , 526
9958 , 526
9959 , 526
9961 , 526
9962 , 526
9963 , 526
9964 , 526
9966 , 526
9967 , 526
9968 , 526
9969 , 526
9971 , 526
9972 , 526
9973 , 527
9974 , 526
9976 , 526
9977 , 526
9978 , 526
9979 , 526
9981 , 526
9982 , 526
9983 , 526
9984 , 527
9986 , 526
9987 , 526
9988 , 526
9989 , 526
9991 , 526
9992 , 526
9993 , 527
9994 , 526
9995 , 526
9997 , 526
9998 , 526
9999 , 526
10000 , 526
